0.000375357
0.000158039
0.000226177
0.000191918
0.000273056
0.000248237
0.000274202
0.000289907
0.000396581
0.000349949
0.00073106
0.000481797
0.000701831
0.000754598
0.000452502
0.000883851
0.000512353
0.000715132
0.000762771
0.000520519
0.000735674
0.000519925
0.000724543
0.000796063
0.000510539
0.00073887
0.000545267
0.000884511
0.000753506
0.000486521
0.000797704
0.000567042
0.000854801
0.000771423
0.000671487
0.000940423
0.000716574
0.00091423
0.000920085
0.000891948
0.000965023
0.000714231
0.000966595
0.000964613
0.000812817
0.00106243
0.00194539
0.00150126
0.00138387
0.00101832
0.00128144
0.00115271
0.00144393
0.00152319
0.00127229
0.0016688
0.00215152
0.0937579
0.0970823
0.00169187
0.0816649
0.00216975
0.0702569
0.0386954
0.0366474
0.0398969
0.0452494
0.0460092
0.0369187
0.0422617
0.0431709
0.0465823
0.0219485
0.031107
0.0290347
0.0287436
0.0330847
0.0234407
0.0293309
0.0221667
0.0316203
0.0339412
0.0338375
0.038917
0.0373458
0.0374715
0.0354886
0.0327575
0.0319554
0.0387495
0.0300276
0.0221065
0.032181
0.0328468
0.0306131
0.0383776
0.0455108
0.0282793
0.0361472
0.0442386
0.0285398
0.0537934
0.0377217
0.0368522
0.0428725
0.0337793
0.0486607
0.0670855
0.0524472
0.0380655
0.0559326
0.0393031
0.0558224
0.0439165
0.0490067
0.0406938
0.0296266
0.0477353
0.0379632
0.0609431
0.0347628
0.040655
0.0529634
0.0434805
0.0398852
0.0377294
0.0388117
0.0414411
0.0420999
0.0439154
0.0443792
0.042148
0.045927
0.0441624
0.0468061
0.0352621
0.0466532
0.0360242
0.0497
0.0448427
0.0512129
0.0326878
0.0414317
0.0293675
0.0369121
0.0277315
0.0416907
0.0391262
0.0273654
0.0423766
0.0284754
0.029136
0.028385
0.0296552
0.0293451
0.03004
0.0402866
0.038784
0.0316679
0.0534086
0.0312308
0.0387976
0.0313516
0.0321347
0.0365549
0.0368676
0.0386532
0.0424536
0.0418784
0.0398778
0.031459
0.0320085
0.0312776
0.033127
0.0374217
0.0367207
0.0277507
0.0424826
0.0396867
0.040302
0.0376766
0.0394044
0.0518212
0.0415189
0.0458247
0.0343881
0.0408482
0.0385211
0.045001
0.04298
0.0474404
0.0449277
0.0494297
0.0642898
0.0738227
0.046548
0.0448412
0.04534
0.0438018
0.0532848
0.0461458
0.0455451
0.0421386
0.0535025
0.0514849
0.0689973
0.0573046
0.0636525
0.0479493
0.0498195
0.0551975
0.0513667
0.0517832
0.060391
0.0424848
0.0483527
0.0468684
0.0433741
0.0385539
0.0283927
0.0308131
0.0317423
0.0346124
0.0353305
0.0254117
0.0318046
0.0307511
0.0259453
0.0347637
0.0391111
0.0263856
0.035536
0.0331713
0.0507548
0.0401603
0.0400926
0.0645036
0.0583571
0.0597421
0.0590761
0.0541936
0.0753097
0.0561487
0.0718191
0.0608379
0.05832
0.0534567
0.0538088
0.0626258
0.0668378
0.0535495
0.0376866
0.0334884
0.0444765
0.0540623
0.0618659
0.039501
0.0598977
0.0568187
0.0619683
0.0476074
0.0393473
0.0565137
0.0685899
0.0734056
0.0677442
0.0645561
0.0670127
0.0620961
0.0665611
0.0438152
0.0650417
0.0538205
0.0577059
0.0812772
0.0707324
0.0958203
0.0716335
0.0621272
0.0700918
0.0690728
0.0505612
0.0703545
0.081216
0.055273
0.0698146
0.0721293
0.0850008
0.066781
0.0849296
0.0642181
0.0581755
0.0650036
0.0431964
0.059645
0.0446642
0.0399041
0.0628142
0.0664329
0.0678342
0.0670312
0.044455
0.0645899
0.0860415
0.0656494
0.0484562
0.034141
0.0727065
0.0622124
0.0574992
0.0623203
0.0489439
0.0582291
0.060958
0.0721833
0.0399245
0.0591811
0.042822
0.0422548
0.0362909
0.0758406
0.0451142
0.0458286
0.0669946
0.0619392
0.071764
0.0593268
0.0459957
0.0318878
0.0613047
0.0555969
0.0615841
0.0455475
0.0581742
0.0430173
0.0445582
0.0401033
0.0527193
0.0583029
0.0675674
0.0420125
0.0534867
0.0570824
0.0518182
0.0412095
0.0431803
0.023942
0.0512471
0.0456456
0.0501895
0.0454781
0.0547033
0.0604628
0.0640749
0.0631198
0.0547791
0.0714218
0.0545121
0.0617211
0.065752
0.0616755
0.0658354
0.0678742
0.0724069
0.0636666
0.0530928
0.0535925
0.0566387
0.0645511
0.0577044
0.06011
0.056219
0.0524347
0.061605
0.0417053
0.0377239
0.0498754
0.0607088
0.0682932
0.0767631
0.0459692
0.0679852
0.0523752
0.0651111
0.0631911
0.0692425
0.0568107
0.0579587
0.0604657
0.06138
0.0605708
0.0490408
0.0595514
0.0476584
0.0546807
0.085001
0.0644829
0.0763
0.0623942
0.062843
0.0655833
0.071133
0.0663184
0.0659146
0.0674883
0.0446209
0.0896199
0.0875223
0.0742806
0.0968439
0.07866
0.0474576
0.055113
0.0946376
0.101494
0.094004
0.0627183
0.0757705
0.0887975
0.108286
0.0894963
0.0794849
0.0754888
0.0776206
0.0689926
0.0837332
0.0663666
0.0867122
0.0917423
0.0778995
0.1021
0.0745614
0.065927
0.0677529
0.0502996
0.0799879
0.0733275
0.0658761
0.058641
0.0992965
0.0644208
0.0421345
0.0814196
0.0647977
0.0801236
0.0545787
0.0909612
0.0629688
0.0833139
0.069939
0.0767567
0.0545912
0.0703942
0.0721729
0.0901364
0.0556012
0.0655515
0.0538805
0.0724651
0.0516918
0.0722857
0.0676427
0.0672914
0.0707652
0.0801142
0.0752297
0.0494263
0.0603039
0.0464018
0.0516442
0.0458509
0.0392869
0.0473106
0.0488875
0.0613897
0.0600641
0.0523087
0.0414844
0.0470833
0.0647745
0.0455439
0.0463649
0.0391423
0.0358428
0.0329215
0.0430017
0.0366112
0.0336887
0.0326047
0.026421
0.0289496
0.0259912
0.0244297
0.0425034
0.026081
0.0367773
0.0298054
0.0299304
0.0349255
0.0362452
0.0290854
0.0320139
0.0335189
0.0392719
0.0352267
0.0420089
0.0367473
0.0274495
0.0327396
0.0333743
0.0337975
0.0397551
0.0356588
0.0405815
0.0329988
0.0272273
0.0260236
0.0257231
0.0238851
0.0230607
0.0216123
0.0252775
0.0238387
0.0244453
0.02741
0.020815
0.0205537
0.0236151
0.028587
0.0315691
0.0229364
0.026826
0.0250468
0.0205352
0.0279649
0.0230023
0.0187724
0.0260414
0.0197956
0.0203708
0.0175447
0.0186963
0.0224285
0.0164408
0.0162564
0.0162688
0.0197712
0.0224633
0.0241434
0.0221231
0.0197452
0.0211318
0.0291115
0.0320822
0.0316345
0.0237062
0.030052
0.03701
0.0330577
0.029966
0.0312613
0.0276215
0.0372972
0.0331401
0.0288059
0.0359461
0.0301052
0.0294089
0.033913
0.0352545
0.0267766
0.0371124
0.0407655
0.0367388
0.0430553
0.0380834
0.0422798
0.0386502
0.0404034
0.0421561
0.0489939
0.0407075
0.0485372
0.0480683
0.0478165
0.0448521
0.0473379
0.037046
0.045167
0.0321235
0.0303375
0.0341327
0.0293614
0.0358278
0.0375606
0.0329618
0.036033
0.0357442
0.0518999
0.0407073
0.0302369
0.0370056
0.0328869
0.0370586
0.0386125
0.0336985
0.0272282
0.0326887
0.0309627
0.0297219
0.0332208
0.0232685
0.0295375
0.0273354
0.0256784
0.0237761
0.0282142
0.0236541
0.0248349
0.0347123
0.0300566
0.026307
0.0278442
0.0343027
0.0395758
0.0464098
0.0299129
0.0322748
0.0286775
0.0434077
0.0434649
0.0496788
0.0417986
0.0455429
0.0472182
0.0492838
0.0513316
0.0485914
0.0569235
0.0470591
0.0584148
0.0659023
0.0432369
0.0383344
0.064461
0.0408044
0.0333388
0.0340017
0.0285788
0.0516446
0.0292886
0.0502749
0.0604861
0.0337248
0.0426501
0.0520638
0.0538637
0.0461835
0.0504332
0.0509547
0.0548309
0.0527076
0.0490178
0.0524284
0.0562407
0.0710078
0.0607732
0.0713751
0.0820045
0.0477259
0.0613633
0.0593469
0.0526742
0.0442915
0.0451764
0.068813
0.048744
0.039408
0.0543794
0.0400815
0.0528242
0.0418348
0.0509212
0.043558
0.0456832
0.0395361
0.044163
0.0406094
0.0430257
0.0731262
0.0492516
0.0384729
0.0421192
0.0550438
0.0502614
0.053644
0.051058
0.0396227
0.0516346
0.0388348
0.0365524
0.0351004
0.0344094
0.0361788
0.0402858
0.0354372
0.0357204
0.0419548
0.0369775
0.0281177
0.0412543
0.0436568
0.0403265
0.0404025
0.0325728
0.0406332
0.0408073
0.0432667
0.0517586
0.0359379
0.0385543
0.0487801
0.0494307
0.047948
0.0535353
0.0444705
0.0612561
0.0515688
0.0739455
0.0641335
0.0644796
0.0717175
0.061951
0.0580088
0.0725778
0.0561928
0.0597763
0.0606639
0.0641027
0.0426524
0.0400092
0.052564
0.0561907
0.0697084
0.0684166
0.0648326
0.0670363
0.0564727
0.0486322
0.0467918
0.0609732
0.0702904
0.0595605
0.0605579
0.0604389
0.0586982
0.0573157
0.0577605
0.0638297
0.0891944
0.0850119
0.0545252
0.0575589
0.0551564
0.0541289
0.0481955
0.0638833
0.0640587
0.0439417
0.0759228
0.0490134
0.0362489
0.035201
0.0609452
0.0507487
0.0489446
0.0638615
0.0496279
0.0524364
0.0583625
0.0601068
0.058335
0.0555985
0.0370244
0.053079
0.0452495
0.0328115
0.0700904
0.0594203
0.0648691
0.0718103
0.0760749
0.0612041
0.0400871
0.0551461
0.0455434
0.0332418
0.0449432
0.043152
0.0528076
0.0539365
0.0622917
0.0417666
0.0558246
0.0527832
0.0510162
0.0443613
0.045544
0.0607162
0.057327
0.0591333
0.0515336
0.0593546
0.0480446
0.0699142
0.0368654
0.0552219
0.043743
0.0688856
0.0676382
0.0641514
0.0576221
0.0599687
0.0604259
0.0645279
0.0656617
0.0845012
0.0461635
0.0871372
0.0497252
0.0699879
0.0694398
0.0638475
0.0725521
0.0803066
0.054645
0.0780511
0.0684627
0.0825122
0.0549752
0.0934171
0.0495928
0.0878019
0.0669396
0.0936935
0.0541208
0.0901925
0.0598787
0.0481405
0.0770611
0.0555186
0.0425201
0.0507358
0.0774953
0.0542803
0.0670856
0.0669249
0.078556
0.0775901
0.057045
0.0903819
0.0748463
0.0802357
0.0681153
0.0691938
0.075622
0.0755845
0.0609718
0.0890993
0.0684978
0.0822958
0.0822445
0.091403
0.0662221
0.0836744
0.0579478
0.0681443
0.0791381
0.0544304
0.0512257
0.108426
0.0839552
0.0814061
0.0811759
0.0782292
0.0678524
0.0742254
0.0835611
0.0762025
0.0911396
0.0816273
0.0610335
0.0910957
0.0729076
0.0754542
0.0712335
0.0877247
0.0664705
0.07212
0.059494
0.0566747
0.0612283
0.0480187
0.0747263
0.0602176
0.061606
0.0519265
0.0517981
0.0583307
0.0639407
0.0639314
0.0589451
0.0471636
0.0620425
0.0649089
0.0649337
0.0487527
0.0450971
0.0436016
0.0328452
0.0435387
0.0359893
0.0513187
0.0417324
0.0464758
0.0622152
0.0602411
0.0472416
0.0438751
0.0442137
0.0700109
0.0497863
0.0464864
0.0502285
0.0416619
0.051331
0.0592507
0.0393622
0.0482103
0.0443757
0.0423928
0.0327641
0.0378385
0.0368111
0.0292205
0.0327405
0.0416802
0.0296044
0.0321223
0.0324626
0.0357533
0.0337711
0.0346891
0.0322591
0.0331665
0.0363539
0.0369663
0.0337113
0.0436939
0.0343073
0.0361282
0.0346419
0.0400761
0.037094
0.0508813
0.0576759
0.0529475
0.0539712
0.0538051
0.0592813
0.0512663
0.0542083
0.0484577
0.0654819
0.060712
0.065226
0.0654177
0.0517377
0.0513852
0.0822534
0.0554703
0.0386505
0.0699041
0.0457744
0.0681326
0.0607405
0.0661263
0.0493605
0.0666693
0.0377911
0.0398804
0.0637837
0.0568838
0.0391375
0.0727087
0.0689834
0.0699016
0.0673913
0.0808837
0.0839128
0.0594765
0.0598407
0.0575522
0.0586769
0.0532832
0.0544854
0.0358156
0.0741204
0.0599177
0.0617172
0.0607185
0.0620754
0.0530665
0.0568533
0.0616575
0.0549707
0.0621204
0.0619891
0.061789
0.0463788
0.0439557
0.0497185
0.0454854
0.0530917
0.0434569
0.0454586
0.0522271
0.0450241
0.0556726
0.0401128
0.0604261
0.0466311
0.0514298
0.0464243
0.0408041
0.0515583
0.0512306
0.0531772
0.037642
0.0493946
0.0383613
0.0418738
0.0370005
0.0326462
0.0321251
0.0301509
0.0358869
0.0369621
0.0317184
0.0303817
0.0368623
0.0390079
0.0369821
0.0334934
0.0312262
0.0311994
0.0319485
0.0359635
0.0320011
0.028689
0.027629
0.0215014
0.0247485
0.0232189
0.0306078
0.0301626
0.0315112
0.0327455
0.0261074
0.0268219
0.0315871
0.0361038
0.0297352
0.0278052
0.0287439
0.0294337
0.0345186
0.0256632
0.0310363
0.0323252
0.0229982
0.0212278
0.0293919
0.025905
0.0226943
0.0238781
0.0198325
0.0239537
0.0149206
0.0142969
0.0146825
0.0102056
0.00976463
0.0141547
0.0143725
0.0164394
0.00839931
0.00932566
0.0107597
0.00975033
0.0104796
0.00934151
0.00907873
0.00922336
0.00744269
0.00602112
0.00708011
0.00857347
0.00671164
0.00904764
0.00634491
0.00917452
0.00905079
0.00616257
0.00920798
0.00663223
0.00691826
0.00787675
0.0103877
0.00912325
0.00927274
0.00916632
0.00913203
0.0078395
0.00583162
0.00920566
0.00730548
0.00611472
0.00705424
0.00908016
0.00759538
0.00604538
0.00930043
0.0106994
0.0107379
0.00908046
0.00832254
0.00908662
0.0100404
0.000307244
0.000159326
0.000189732
0.000233458
0.000228002
0.000247975
0.000278068
0.00029367
0.000389324
0.000467617
0.000237295
0.00015471
0.000168319
0.000192311
0.000209947
0.000259498
0.000308885
0.000302637
0.000405309
0.000342271
0.000733564
0.000462262
0.000714648
0.000511371
0.000782223
0.000718395
0.000484939
0.000703618
0.000524556
0.000716209
0.000805482
0.000546029
0.000734062
0.000548084
0.000766236
0.000781701
0.000486911
0.00077332
0.000573506
0.000998127
0.000836738
0.000657576
0.000983774
0.000739603
0.000999799
0.000926667
0.000877503
0.000964131
0.000713195
0.00109564
0.000992073
0.000756004
0.00118161
0.000946065
0.00131114
0.00686139
0.00114577
0.00154742
0.00119646
0.00157466
0.0015856
0.00131817
0.00172886
0.0014265
0.111202
0.0927554
0.00171958
0.138122
0.0390877
0.0353453
0.0287727
0.0257408
0.0409468
0.0366439
0.0298617
0.0301261
0.0326259
0.0337792
0.0453652
0.0246409
0.0385466
0.0348452
0.0405619
0.0451275
0.0344778
0.0327464
0.0251062
0.0282678
0.0258172
0.0258115
0.0240368
0.0299236
0.0349522
0.0271972
0.0289099
0.030928
0.0257946
0.0233432
0.0219133
0.036449
0.0281624
0.0302892
0.0313873
0.0316922
0.031643
0.0357574
0.0324254
0.0281906
0.0519029
0.0329601
0.0284222
0.0263772
0.0246188
0.0357593
0.0417317
0.0526657
0.0388565
0.0413835
0.0408078
0.0449398
0.0332594
0.0540262
0.0444413
0.0357897
0.050119
0.0417073
0.0570259
0.0310872
0.0445303
0.0370129
0.0478372
0.0500147
0.0394054
0.0429945
0.033242
0.036263
0.0459059
0.0427646
0.050805
0.0341097
0.0338519
0.0292755
0.032517
0.0323393
0.0366875
0.031194
0.0327674
0.0330215
0.0394989
0.0242128
0.0301376
0.0352812
0.0234512
0.0310436
0.0296654
0.0301165
0.0277657
0.0253993
0.0274234
0.0335062
0.0236368
0.0321534
0.0311807
0.0362256
0.0325855
0.0380417
0.0329188
0.0379369
0.0447284
0.044732
0.0413613
0.0411531
0.0363315
0.0325184
0.0343324
0.0393428
0.0418213
0.0327213
0.0384753
0.0361231
0.0370297
0.0310592
0.0291884
0.0353436
0.0398133
0.0356453
0.0291309
0.0333332
0.0436038
0.042793
0.0397997
0.0397888
0.0419969
0.0399952
0.0388666
0.0369464
0.037746
0.0468537
0.048885
0.0390342
0.0467533
0.0403494
0.03877
0.0522966
0.0474049
0.0472148
0.050958
0.0479182
0.0420716
0.0414795
0.0400146
0.053265
0.0426399
0.0569453
0.0649224
0.0503876
0.0534018
0.0634153
0.0427098
0.0476262
0.044399
0.0452183
0.0469164
0.0417102
0.0376192
0.0340949
0.0368727
0.027682
0.0565619
0.0381815
0.0350283
0.0252047
0.0307942
0.0260877
0.0199286
0.0263392
0.0332017
0.0235168
0.0334386
0.0316859
0.0454277
0.0508651
0.0605314
0.0690534
0.066463
0.0574474
0.0530898
0.0519642
0.0661077
0.0614869
0.0569449
0.0642837
0.0534485
0.0673351
0.0465488
0.0612062
0.0484496
0.0432589
0.0341215
0.0305698
0.0520068
0.0609072
0.0669072
0.0542549
0.0637908
0.0414863
0.0627105
0.0508939
0.0464363
0.0625506
0.0620434
0.0668065
0.065416
0.0595869
0.0603527
0.0612511
0.0602996
0.0561793
0.0631172
0.0576268
0.0666314
0.0731116
0.0837912
0.0758685
0.053962
0.0690711
0.0892864
0.0757135
0.0449423
0.0669317
0.0882112
0.0541542
0.068597
0.0688953
0.0733328
0.0677083
0.0605057
0.0733875
0.0618819
0.0636192
0.0436098
0.0601185
0.0560258
0.0433851
0.0674561
0.0674022
0.0693589
0.0636827
0.0536105
0.059536
0.0735809
0.0667023
0.0727634
0.0362644
0.0589947
0.0741671
0.0658069
0.0654783
0.061196
0.074494
0.0438492
0.0545909
0.0387714
0.0648096
0.0517612
0.0426059
0.0575216
0.0536675
0.053905
0.0774116
0.0584049
0.0537913
0.0608991
0.0537071
0.035215
0.0321192
0.0495144
0.055695
0.0596782
0.0469972
0.0661148
0.0329186
0.0530132
0.0433098
0.0553307
0.0591301
0.0634711
0.04026
0.0448278
0.0689884
0.0514551
0.0414361
0.0425998
0.0390923
0.0479508
0.0753655
0.059864
0.0701252
0.0493382
0.0584997
0.0575456
0.0611248
0.0599862
0.063096
0.0672834
0.0649503
0.0663298
0.0656296
0.0635777
0.0822639
0.0709085
0.0518652
0.0479078
0.0569605
0.0688787
0.0549453
0.0508513
0.0483583
0.0538679
0.054416
0.0505125
0.0470394
0.0375198
0.0511972
0.0525235
0.0695992
0.0712924
0.0475489
0.0728477
0.0619917
0.0545887
0.0571737
0.0582998
0.0624019
0.0514903
0.0568352
0.0527458
0.0586296
0.0721592
0.0552196
0.0541709
0.0575651
0.0619232
0.0591353
0.0631381
0.0652074
0.0582942
0.0597289
0.0777829
0.079141
0.0683756
0.070637
0.0731766
0.0743905
0.0769733
0.0667191
0.0789297
0.0816006
0.0604525
0.0579289
0.0890009
0.0811875
0.0887955
0.0603443
0.0844204
0.0861312
0.107604
0.087002
0.0793248
0.0818327
0.0787228
0.0655946
0.0854361
0.0916127
0.0809554
0.0777745
0.0830561
0.0845406
0.0792419
0.0745054
0.0601017
0.0478759
0.0808553
0.0766427
0.0668683
0.0611484
0.0816463
0.0600444
0.0626612
0.0870991
0.0525549
0.0858942
0.0776416
0.0764796
0.0621443
0.0786113
0.0618639
0.0734018
0.053587
0.0682217
0.0579132
0.0768172
0.0558357
0.0858726
0.0614289
0.0861912
0.059873
0.0689362
0.0730578
0.0833901
0.0720811
0.0722126
0.0791526
0.0565013
0.0809775
0.0516367
0.0568149
0.0505518
0.047701
0.0548016
0.0750053
0.0688507
0.0586511
0.0629255
0.0510788
0.0493305
0.0424224
0.0408424
0.0376137
0.0329941
0.0352338
0.0458302
0.0418321
0.0410721
0.0382654
0.0337501
0.0335164
0.0297689
0.02546
0.0276349
0.0411964
0.0363418
0.0355663
0.0481734
0.0324961
0.0451651
0.0348429
0.0314516
0.0361396
0.033617
0.0460001
0.0398927
0.0449316
0.0374823
0.0283802
0.0293414
0.0447658
0.0339262
0.0342968
0.0399774
0.035987
0.0362591
0.034608
0.0280312
0.030847
0.0252597
0.0214135
0.0224812
0.021973
0.0222034
0.0267379
0.0239508
0.0253514
0.0267775
0.02763
0.025285
0.0324784
0.0236764
0.0256508
0.0220617
0.0246648
0.0219693
0.0240314
0.0220435
0.0234338
0.0166508
0.0210329
0.0180147
0.0211305
0.0256213
0.020392
0.016823
0.0179541
0.0198898
0.0230784
0.0264044
0.0243015
0.0231486
0.0224965
0.0275358
0.0292573
0.0319755
0.034399
0.0352577
0.0364694
0.0249214
0.0292729
0.0221639
0.0294919
0.0352996
0.0337418
0.0371774
0.0399295
0.0251467
0.0336936
0.0382703
0.0343806
0.0402944
0.0305112
0.0411016
0.0384254
0.0438201
0.0308199
0.0369466
0.0366799
0.042316
0.0435051
0.0486824
0.0360807
0.0437548
0.0412818
0.0403531
0.0452706
0.0501904
0.0407069
0.0422154
0.0309549
0.0386758
0.0271091
0.0296155
0.031832
0.0351408
0.0326956
0.030492
0.0391773
0.0367996
0.0398114
0.0324752
0.0424695
0.0309531
0.0397593
0.0331135
0.0389194
0.027976
0.0344832
0.0359716
0.0317613
0.0342093
0.0284077
0.0288808
0.0261897
0.0328555
0.0248355
0.0262853
0.0252447
0.0268451
0.0261521
0.0258363
0.0299123
0.027031
0.0331204
0.0327244
0.0415978
0.0340495
0.0378963
0.032226
0.0347385
0.0370896
0.0477009
0.0507105
0.0472244
0.0439413
0.0618385
0.0626768
0.0519112
0.0759019
0.0701569
0.0616459
0.0673331
0.0481654
0.0461458
0.0653812
0.0470182
0.0404361
0.0322482
0.0337022
0.0415329
0.0340592
0.0447091
0.0487553
0.0333714
0.0591507
0.0657371
0.0464436
0.0487174
0.0648669
0.0460339
0.0589394
0.0536475
0.0553795
0.0634633
0.0631746
0.0649992
0.0644569
0.0693185
0.0692569
0.0385448
0.05595
0.0619297
0.0620064
0.0436301
0.0573427
0.0740843
0.0511751
0.0322354
0.054372
0.0354589
0.0439852
0.053435
0.0550581
0.0484392
0.0544988
0.042104
0.041471
0.049815
0.0536594
0.0587639
0.0444712
0.054565
0.0459437
0.0474052
0.0504772
0.048333
0.0548434
0.0563069
0.0599913
0.0471682
0.051605
0.0380573
0.0356745
0.0340308
0.0297925
0.0383828
0.0342509
0.0345236
0.0308595
0.0299449
0.0444917
0.0362434
0.0327894
0.0368414
0.0382166
0.0426293
0.0449556
0.0471902
0.0372771
0.0396557
0.0462264
0.0672782
0.0662796
0.0547853
0.0604767
0.0605882
0.0743152
0.0665863
0.0576374
0.0657259
0.0764908
0.0618705
0.0752413
0.0496576
0.0596222
0.0484648
0.0558403
0.0811953
0.0531141
0.052483
0.0519943
0.0637922
0.0568602
0.0561947
0.0566334
0.0788476
0.0624988
0.0531458
0.054451
0.0564243
0.0536121
0.0656113
0.0638639
0.052475
0.0640799
0.0543648
0.0509589
0.0516288
0.0648794
0.071614
0.0684742
0.0619128
0.0659287
0.0571989
0.0654597
0.0527087
0.0636717
0.0529542
0.0406588
0.0617006
0.0450938
0.0447769
0.0418062
0.064203
0.0485364
0.0339618
0.0728131
0.0698971
0.0539359
0.0566056
0.0790448
0.0589066
0.0629904
0.0411798
0.0575209
0.0357311
0.0350673
0.070573
0.0614831
0.0722005
0.060076
0.0522574
0.0609564
0.0423172
0.068883
0.0437368
0.0386243
0.0350256
0.0517651
0.0551369
0.0591959
0.0675049
0.0483867
0.0573663
0.0697314
0.0441963
0.0613038
0.05093
0.0571428
0.0634936
0.0734197
0.0639531
0.0746112
0.0430324
0.0599483
0.0460202
0.0596535
0.0477547
0.0541403
0.0698727
0.0777526
0.0716027
0.0574217
0.060522
0.0567346
0.0676582
0.0870168
0.0633592
0.0919666
0.0507131
0.0686393
0.0742327
0.0858069
0.0836781
0.0790643
0.0805749
0.0675722
0.061838
0.0639772
0.0598405
0.0725957
0.0570045
0.0769966
0.0685732
0.0827007
0.0619629
0.0926924
0.0597147
0.0558219
0.09351
0.0524367
0.0659287
0.0500878
0.0807146
0.0626831
0.0692722
0.0594626
0.0693157
0.0703621
0.0467167
0.0692213
0.0707978
0.0822677
0.0784599
0.0857416
0.0711192
0.0714323
0.0674542
0.0812631
0.0721921
0.103385
0.079489
0.0988454
0.0727334
0.0904109
0.0602696
0.0661605
0.0867777
0.0602251
0.0499532
0.0934816
0.0867927
0.0995175
0.0857332
0.0830145
0.0712388
0.0741126
0.0847983
0.0754874
0.0768025
0.0738221
0.0606696
0.0645204
0.0670173
0.0808572
0.0806475
0.0671982
0.0714801
0.0825463
0.0681497
0.0635243
0.0582518
0.0516418
0.0598152
0.0542691
0.057381
0.0457726
0.0643035
0.059119
0.0589025
0.0452454
0.0665638
0.0460254
0.0830401
0.054495
0.0608962
0.0451941
0.0646119
0.0725893
0.03631
0.0505364
0.0424523
0.0494007
0.0434666
0.0516435
0.0500115
0.0661956
0.0607449
0.0538913
0.0574734
0.0448903
0.0719851
0.0588712
0.0533402
0.0493692
0.045312
0.0500033
0.0377131
0.0492894
0.0401978
0.0464815
0.042647
0.0436309
0.0431683
0.036771
0.0393923
0.044961
0.0373635
0.0345127
0.0308014
0.0293372
0.0408242
0.0536001
0.0504602
0.0411704
0.0451028
0.0367289
0.0341433
0.0509475
0.0563932
0.0409446
0.0438062
0.0435474
0.047217
0.0516705
0.0483144
0.0470413
0.0544264
0.0510755
0.0458765
0.0496508
0.0544215
0.0516364
0.0696343
0.0592538
0.0618058
0.0640753
0.0633792
0.0471225
0.0535469
0.0749553
0.0390775
0.0780277
0.0442004
0.0589577
0.0523265
0.0689868
0.0416188
0.0564792
0.0639947
0.046369
0.0755914
0.0581438
0.049491
0.0656878
0.0757091
0.0713719
0.0624867
0.0837406
0.0782098
0.0609269
0.0696789
0.0838919
0.0652989
0.0496536
0.0489987
0.0474745
0.0677964
0.0662072
0.0649032
0.0658619
0.0634165
0.0606239
0.0583255
0.0540895
0.0532486
0.0734245
0.049656
0.0632213
0.062162
0.0326313
0.0456002
0.0481298
0.0571343
0.0568483
0.0679531
0.0555148
0.046003
0.0646543
0.053059
0.0470394
0.0581813
0.0416442
0.0431176
0.0407578
0.0534185
0.0686405
0.0488605
0.0472955
0.042661
0.0392885
0.0372703
0.0383256
0.0378089
0.0399152
0.0336203
0.0370461
0.0402382
0.0410293
0.0360517
0.0406961
0.0390212
0.0283856
0.0343873
0.0282288
0.0335678
0.02799
0.0379583
0.0325662
0.0330471
0.0324893
0.0262011
0.0290985
0.0283078
0.033511
0.034639
0.0320172
0.0337679
0.0360087
0.0308939
0.0334689
0.0374144
0.0343014
0.0358364
0.0279227
0.0394848
0.0308879
0.0304003
0.0334687
0.0300459
0.0244255
0.0274675
0.0257018
0.0253191
0.0312698
0.0243829
0.0198204
0.0199247
0.0157207
0.0142823
0.0136858
0.00998715
0.0107318
0.00918515
0.0130422
0.0181433
0.00898435
0.011815
0.00965368
0.00956085
0.0106512
0.0109193
0.00919013
0.00936578
0.00622839
0.00684554
0.00919407
0.00918573
0.00910921
0.00954086
0.00922952
0.00629245
0.00774109
0.00687286
0.00737609
0.0102646
0.00922423
0.00810908
0.0104287
0.0102882
0.00762844
0.0105005
0.00692144
0.00969862
0.00708666
0.00773565
0.00699819
0.00706078
0.00736659
0.0102567
0.00721254
0.00907434
0.00905124
0.0101588
0.00718159
0.00903536
0.00993134
0.00815286
0.0102903
0.00843114
0.00766916
0.0064895
0.0109027
0.00614368
0.0104497
0.00580887
0.00859377
0.00385683
0.00307298
0.00424137
0.00837434
0.00300617
0.0002213
0.000192866
0.000195172
0.000275088
0.000274286
0.00022981
0.000254499
0.000293988
0.000408618
0.000360362
0.000735587
0.000481942
0.000781863
0.000740378
0.000492803
0.00072369
0.00182018
0.000734995
0.000754519
0.000522863
0.000755019
0.000523105
0.00090808
0.000826383
0.000546285
0.000753224
0.000543916
0.0007991
0.000765955
0.000462347
0.000781457
0.000566758
0.00079125
0.000775946
0.000663984
0.000930937
0.000720581
0.000917389
0.000973105
0.000768131
0.000966245
0.000715254
0.000992424
0.00112051
0.00080491
0.00110278
0.000909997
0.00124894
0.00135156
0.00102725
0.00132415
0.00114859
0.00149448
0.0018797
0.00126882
0.00167905
0.00137692
0.115679
0.104977
0.00256602
0.119067
0.00315531
0.0880747
0.0473021
0.0399314
0.042292
0.060144
0.0419284
0.0601461
0.0505632
0.0450879
0.0461084
0.0279179
0.0364663
0.0368885
0.037848
0.0366937
0.0304942
0.0350497
0.030224
0.0316273
0.0316735
0.0371371
0.0365861
0.0386278
0.0366002
0.0379847
0.0300953
0.0391589
0.0344426
0.0402601
0.0252986
0.0320255
0.0313778
0.0340927
0.0546427
0.0581597
0.0293543
0.0305834
0.0428022
0.0360629
0.0405481
0.0371315
0.0348894
0.0475306
0.0316797
0.0399037
0.0437814
0.046839
0.0432497
0.0487418
0.0432179
0.0491698
0.0416151
0.0425359
0.0428575
0.0252469
0.043048
0.0466701
0.043642
0.0348542
0.0373561
0.0408162
0.048006
0.0396455
0.0345931
0.0303258
0.0479337
0.0337055
0.0436415
0.0533489
0.0389464
0.0464813
0.0349409
0.0510638
0.0421709
0.0400461
0.0388263
0.0524592
0.0617487
0.041736
0.0272919
0.0355743
0.0291193
0.0305711
0.0328499
0.0379931
0.0383702
0.0266242
0.0328383
0.0386963
0.0403394
0.0336752
0.0300333
0.0423943
0.0296103
0.0382697
0.042657
0.0323924
0.0465638
0.0312866
0.0353099
0.0398575
0.0347073
0.0301943
0.0393071
0.0377596
0.03981
0.0401135
0.0394725
0.0327904
0.0338499
0.0364815
0.0427102
0.0358941
0.0327502
0.0326431
0.0339077
0.0385153
0.0374467
0.0312767
0.0355659
0.0351995
0.0368494
0.0376327
0.0461554
0.0446022
0.0464839
0.0453648
0.0373156
0.0505065
0.0432737
0.0542811
0.0543914
0.042407
0.0390727
0.0528121
0.0446748
0.0568631
0.0526376
0.0552461
0.0588728
0.0371948
0.0440914
0.0423295
0.054711
0.0487248
0.0532169
0.0524667
0.0496619
0.0530824
0.0506627
0.0554237
0.0570626
0.0563268
0.0404312
0.0500988
0.0405119
0.0504129
0.0379103
0.0400662
0.0341489
0.0297916
0.0348285
0.0265894
0.0326269
0.0382313
0.0294086
0.0337754
0.0302247
0.0241077
0.0362851
0.0302043
0.0473297
0.0455162
0.0490276
0.0569819
0.0530827
0.0538347
0.0582133
0.0672685
0.0571816
0.0584372
0.057726
0.0670462
0.0593858
0.055646
0.0617316
0.0666546
0.0483649
0.0640698
0.0372457
0.026486
0.0495773
0.0490926
0.0654422
0.0455224
0.0590379
0.0505706
0.0627583
0.0635858
0.0408465
0.0515886
0.0589308
0.0640945
0.0594758
0.0485598
0.0570252
0.0590071
0.0695701
0.0436981
0.0825142
0.0481053
0.0840537
0.0747253
0.0794276
0.0770959
0.0477969
0.0834107
0.0742581
0.0731526
0.0422562
0.0648151
0.0660542
0.0515986
0.0747005
0.0721527
0.0718591
0.0703723
0.0658329
0.0669236
0.0621388
0.0699377
0.0515352
0.0611415
0.0402572
0.0649648
0.0607463
0.0584538
0.0693781
0.0702736
0.0539575
0.0647628
0.0659749
0.0736159
0.0537696
0.0383723
0.0559954
0.063588
0.0639598
0.0651516
0.0604835
0.078022
0.0646796
0.0717941
0.0524841
0.0684689
0.0341269
0.0323922
0.0348799
0.0607922
0.0585454
0.0597817
0.0641842
0.0546634
0.0608894
0.0531079
0.0397417
0.0298653
0.0390368
0.041238
0.0767651
0.044644
0.0592013
0.0303212
0.0467556
0.0315768
0.0440597
0.0452171
0.0548218
0.0390935
0.0441914
0.0481509
0.0544535
0.0455147
0.0524616
0.0237132
0.0417242
0.0394463
0.0554213
0.0483338
0.0468167
0.0649093
0.0644564
0.0776202
0.048781
0.0493289
0.0597779
0.065428
0.0825769
0.0655827
0.0717752
0.0841203
0.0667082
0.0730844
0.057788
0.0586245
0.0576969
0.0536892
0.0530253
0.0558157
0.0565821
0.0487385
0.0604964
0.0617629
0.0411717
0.0558238
0.0564763
0.0626479
0.0574526
0.0418007
0.0808392
0.0604879
0.0603647
0.0608197
0.0537368
0.0495201
0.0534701
0.0481782
0.054206
0.0587579
0.0676204
0.0765811
0.0529721
0.0627108
0.0659791
0.0644906
0.0636611
0.0660569
0.0817469
0.0834492
0.0717611
0.0645504
0.0635032
0.0663057
0.0596318
0.0708397
0.071867
0.0880693
0.0935559
0.0994678
0.0747264
0.0537678
0.0851599
0.0866721
0.0900694
0.0747911
0.109031
0.0865473
0.0982869
0.100832
0.075585
0.0713631
0.0960021
0.0752358
0.0774462
0.0616621
0.0939837
0.0837097
0.0752585
0.0766976
0.0537482
0.0826459
0.0777553
0.0430858
0.0884833
0.0582515
0.0947528
0.0551734
0.0857649
0.0691483
0.0494008
0.0875303
0.0641686
0.0783302
0.0592903
0.0911474
0.0566701
0.0808169
0.0739446
0.0800033
0.0674821
0.098119
0.0720645
0.0820819
0.0802365
0.0696459
0.0556982
0.0624202
0.055167
0.0715464
0.102835
0.0803857
0.0688135
0.0723746
0.0715152
0.0586661
0.0688041
0.0508623
0.0423917
0.0454203
0.0386036
0.0438597
0.0502969
0.0567728
0.0589136
0.0414165
0.050819
0.037544
0.045683
0.0507738
0.040699
0.0541033
0.0299403
0.0378986
0.0457202
0.0360256
0.0317465
0.0414708
0.0272739
0.0281417
0.0208538
0.0306143
0.0358957
0.0309116
0.0305557
0.0363016
0.0353435
0.0372507
0.0285745
0.0342726
0.0305238
0.0304802
0.0505996
0.0299561
0.0371395
0.0352669
0.0346201
0.0363222
0.035319
0.033652
0.0352097
0.039125
0.038509
0.0311558
0.0302513
0.0342834
0.0314734
0.0273079
0.0244623
0.0213198
0.0261147
0.0244927
0.023929
0.0210332
0.0233435
0.0218745
0.0252812
0.0327317
0.0211783
0.0243177
0.0225953
0.020095
0.0216844
0.0253715
0.0204579
0.01944
0.0257944
0.0197884
0.0199819
0.0168035
0.0186824
0.0232099
0.0195829
0.0178552
0.0161933
0.0197633
0.0193619
0.03181
0.0187202
0.0212537
0.0226192
0.0282439
0.0282357
0.0323474
0.0255386
0.0337893
0.0313188
0.0327511
0.025846
0.0290015
0.027981
0.0377523
0.0346998
0.0298805
0.0314582
0.0307423
0.0298693
0.0315726
0.0343421
0.0414127
0.0296087
0.034303
0.0322668
0.0336345
0.0289157
0.0416486
0.0350236
0.0378176
0.0379923
0.040616
0.0371626
0.0400418
0.0364079
0.041723
0.0388368
0.0435041
0.0406872
0.0411759
0.0284575
0.0311143
0.0257678
0.0411116
0.0376793
0.0293358
0.0317614
0.038297
0.0300287
0.0385952
0.0398292
0.0367231
0.0356028
0.0344237
0.0399283
0.0385229
0.0345015
0.0261658
0.0327359
0.0297315
0.0299052
0.0262631
0.0277613
0.0288844
0.0272935
0.0256984
0.031435
0.0216606
0.0263299
0.0297067
0.0301772
0.0237355
0.0234726
0.032761
0.028122
0.0373782
0.0335959
0.0333924
0.0307845
0.0372803
0.0350896
0.0435536
0.0545777
0.0396799
0.0482229
0.0560713
0.0424795
0.0483783
0.0491642
0.0559481
0.0606963
0.0612035
0.0556937
0.0358859
0.0409394
0.0465098
0.0394154
0.036651
0.0380238
0.0340207
0.0470785
0.0328104
0.0587994
0.0395087
0.0333332
0.063334
0.0423443
0.0421549
0.0538233
0.0756006
0.0600223
0.0585374
0.0676705
0.0491706
0.0666841
0.0682528
0.0620021
0.066503
0.0773162
0.0735832
0.0392875
0.0773897
0.0638463
0.0733579
0.0436031
0.0681478
0.0511824
0.0730424
0.0358471
0.0566396
0.043219
0.0430967
0.0501794
0.0398185
0.0360941
0.0370245
0.0386803
0.0463566
0.0469142
0.0519142
0.0509255
0.0451622
0.0492182
0.0474165
0.0424846
0.0416728
0.0486067
0.0487422
0.046496
0.0575723
0.0375105
0.0402481
0.0379227
0.0341287
0.0321118
0.0349954
0.0385768
0.0385991
0.0355278
0.0295648
0.0322247
0.0416722
0.0310249
0.0343456
0.0324166
0.047609
0.035623
0.0477526
0.0406609
0.0452953
0.0490625
0.056201
0.0427677
0.0688366
0.0520746
0.0753987
0.0559737
0.0500285
0.0802174
0.0665689
0.0652405
0.0514831
0.0756727
0.0571865
0.0490284
0.0491865
0.0452607
0.0561959
0.0569188
0.0785101
0.0396472
0.0386794
0.0624651
0.0590224
0.0593296
0.0577155
0.0584261
0.0672742
0.0531406
0.0489593
0.0480352
0.0769436
0.0705327
0.0622657
0.0551735
0.0599496
0.0562467
0.0652761
0.0617793
0.0549672
0.0908586
0.061965
0.0589327
0.0514315
0.0563023
0.0647455
0.0664693
0.0834564
0.050634
0.0544596
0.0552608
0.0451748
0.0340836
0.041675
0.0593453
0.0483487
0.0387868
0.0740956
0.0678136
0.0491891
0.055117
0.0567044
0.059536
0.0590772
0.0367523
0.0631959
0.0515003
0.0349589
0.0511327
0.0759808
0.074657
0.0639687
0.0793075
0.0633681
0.0474353
0.0598581
0.0472635
0.0388969
0.0462754
0.0449252
0.0526809
0.0598162
0.0566626
0.0484347
0.0684736
0.0505383
0.0483509
0.0618841
0.0459009
0.0641672
0.0684712
0.059608
0.0551452
0.0738001
0.0389582
0.0656155
0.0494833
0.0586707
0.0503877
0.0578628
0.0626114
0.0652582
0.0590734
0.0590256
0.0730129
0.0810542
0.066651
0.0899289
0.0690113
0.082524
0.0546642
0.0734862
0.0680345
0.0696093
0.0770741
0.0947048
0.0795671
0.0786779
0.0673079
0.0666803
0.0711203
0.0797288
0.0573123
0.0873419
0.0533942
0.0838233
0.0575499
0.110074
0.0612683
0.0534896
0.0775268
0.0565611
0.0475907
0.0458842
0.0924679
0.0765446
0.0831868
0.0629305
0.0732752
0.0622597
0.0504728
0.0688114
0.0773875
0.0826524
0.0764022
0.0756447
0.0664656
0.0916121
0.0621302
0.0968471
0.0600631
0.0838891
0.0903594
0.0893516
0.0739144
0.0832043
0.0708223
0.0620141
0.0998712
0.079677
0.0456093
0.100121
0.0733534
0.10171
0.0803079
0.0855398
0.0813058
0.080662
0.0864007
0.0750583
0.0783438
0.0881608
0.0693112
0.0773993
0.0824543
0.0844055
0.0718513
0.0904091
0.0655926
0.091931
0.0668061
0.0828297
0.0557599
0.0606107
0.0608707
0.0538687
0.0672182
0.0546447
0.0619458
0.0584937
0.0612551
0.0620086
0.0712607
0.0422633
0.0660352
0.0556894
0.0663629
0.0724961
0.05042
0.059567
0.0430036
0.0411139
0.0424193
0.0466062
0.0526156
0.0441375
0.0642493
0.0737123
0.0579355
0.0524728
0.0683482
0.0678913
0.0543812
0.0513215
0.0458067
0.0493613
0.0467691
0.0545454
0.049247
0.0474123
0.0521322
0.0382052
0.054862
0.0377306
0.0443979
0.0386352
0.0328642
0.033271
0.0377091
0.0330987
0.0370958
0.0387088
0.0381282
0.0419375
0.0361636
0.0372093
0.0421119
0.0390127
0.0386871
0.0426031
0.0439097
0.0380705
0.0348456
0.0489926
0.0436376
0.0476598
0.0435022
0.0545475
0.0493572
0.0530134
0.0636953
0.0642597
0.0500281
0.0414486
0.0481166
0.0567549
0.0598669
0.0580339
0.0527427
0.0575518
0.054276
0.0556325
0.062331
0.0797465
0.0385946
0.06562
0.0536184
0.0798899
0.0509189
0.0647803
0.0537716
0.0404166
0.0607308
0.0609545
0.0432357
0.0656138
0.0621638
0.0785367
0.0677339
0.0627832
0.0696982
0.053334
0.0626829
0.0580064
0.0661215
0.0490233
0.0545534
0.0363567
0.0474821
0.0636912
0.0591713
0.0652857
0.0580586
0.0596276
0.0692941
0.050389
0.0436197
0.0759169
0.0520104
0.0616045
0.0507406
0.0386893
0.0447327
0.0434365
0.0507826
0.050789
0.0591975
0.0607946
0.0447488
0.055408
0.043966
0.053211
0.065368
0.0391167
0.0398719
0.0484725
0.0493727
0.0536122
0.0553551
0.0473008
0.047436
0.0491449
0.0427057
0.0466081
0.0309857
0.0337413
0.0345468
0.0355861
0.0365361
0.0345739
0.040619
0.0368702
0.0476541
0.0325606
0.0390927
0.0238795
0.0319781
0.0347367
0.0275272
0.0253685
0.0314957
0.0291748
0.0224515
0.0237427
0.0354979
0.0234058
0.0248112
0.0278239
0.0299817
0.0270011
0.0276739
0.0321378
0.0364022
0.0253424
0.0248947
0.0280172
0.0271878
0.0318901
0.0239217
0.0250756
0.0274213
0.0302063
0.0215177
0.026545
0.0263783
0.0248793
0.0272783
0.0221751
0.016007
0.0162127
0.0184904
0.0149716
0.0102329
0.00927094
0.0107602
0.0148731
0.0111499
0.00862386
0.0121684
0.0109155
0.00627904
0.00832071
0.00873278
0.00953126
0.00881866
0.00861009
0.00917474
0.00925837
0.00777699
0.00910745
0.00647773
0.00832073
0.00920425
0.00919373
0.00910085
0.00688258
0.00791024
0.00720004
0.00732777
0.00890097
0.00717508
0.0092148
0.00937272
0.00927257
0.00675118
0.00593277
0.00926145
0.0103603
0.00611323
0.00685545
0.00696026
0.00711554
0.00927537
0.00927731
0.0102455
0.00742728
0.0069196
0.0092191
0.00902429
0.00837895
0.000564792
0.00015868
0.000182092
0.000190145
0.000236797
0.000230747
0.000275535
0.000297556
0.00038191
0.000357732
0.000710072
0.000563324
0.000745945
0.000711375
0.000492786
0.000775724
0.000499118
0.000743464
0.000745643
0.000522214
0.000774056
0.000524771
0.000726393
0.000816188
0.000539717
0.000744815
0.000546992
0.000735173
0.000851505
0.000574478
0.000769877
0.000580784
0.000802123
0.00076906
0.000701547
0.000947589
0.000730875
0.000921402
0.000994204
0.000767488
0.00099398
0.000713082
0.000991656
0.000968945
0.000764255
0.00109454
0.000927912
0.00153105
0.00194735
0.00411197
0.00131491
0.00119556
0.00145016
0.00152222
0.00129441
0.00168893
0.00139352
0.0873638
0.119665
0.00162506
0.113661
0.00227892
0.0876393
0.0592198
0.0387807
0.0402822
0.044759
0.0565211
0.0494439
0.0475312
0.0436441
0.0518777
0.0245775
0.0386467
0.0373774
0.0298773
0.0418593
0.0241381
0.0330982
0.0257666
0.0392302
0.0354011
0.0299487
0.039898
0.0333348
0.036665
0.0322569
0.0302929
0.0280016
0.0349334
0.0348979
0.0226715
0.0329019
0.0385969
0.0381891
0.0451633
0.043159
0.024253
0.0376185
0.038793
0.0375804
0.044979
0.053197
0.0322625
0.0503984
0.0251219
0.0493242
0.0600248
0.0519366
0.051399
0.0359347
0.040629
0.0477228
0.041059
0.0461583
0.035181
0.0302403
0.0364493
0.0472687
0.0482831
0.0432815
0.0424109
0.049682
0.0641111
0.0406506
0.0392748
0.0324177
0.0454604
0.0335115
0.0470523
0.0436255
0.0576133
0.0562784
0.0394746
0.0373716
0.0339784
0.0381378
0.0349025
0.0476148
0.0392677
0.0421006
0.0265541
0.0388162
0.0304247
0.0428087
0.0245512
0.0292219
0.0267574
0.033972
0.0326898
0.0329556
0.0264101
0.0271847
0.0254211
0.0276892
0.0387071
0.0339926
0.0406358
0.0326455
0.0339442
0.0389487
0.0460965
0.0379178
0.0354837
0.0347101
0.0345834
0.0425585
0.0331373
0.0381157
0.0442063
0.0289722
0.0363204
0.0373165
0.0374072
0.0346653
0.0372074
0.037841
0.0329506
0.0344531
0.0308301
0.0393376
0.0465726
0.0436392
0.0390007
0.042791
0.0466816
0.0463753
0.0403325
0.0442073
0.0391581
0.0513371
0.0444009
0.0505951
0.0556534
0.0510692
0.0430308
0.0518615
0.0493588
0.0491361
0.0474594
0.0400896
0.0400491
0.0440999
0.0541196
0.047652
0.0510066
0.064955
0.0501535
0.0527019
0.0584312
0.05772
0.051643
0.0523058
0.0509197
0.0535378
0.0452098
0.0503291
0.0376616
0.041103
0.0316091
0.0373548
0.0275411
0.0285988
0.0268925
0.0317255
0.0346764
0.0382504
0.0301616
0.033851
0.0371858
0.0317269
0.037279
0.0308592
0.0375263
0.0372599
0.062658
0.0637233
0.0553744
0.050623
0.0605317
0.0617451
0.0610374
0.0609244
0.0694064
0.085758
0.0658857
0.0509183
0.0564819
0.0639308
0.0490536
0.0463947
0.0433898
0.0367476
0.050259
0.0551029
0.0645775
0.0588791
0.0633042
0.0484497
0.05533
0.044696
0.0352023
0.0518122
0.061053
0.0815529
0.0822331
0.0517361
0.0556403
0.0665185
0.0627369
0.0520283
0.0703313
0.0585066
0.0696737
0.0726166
0.0870851
0.078676
0.058905
0.0598434
0.0766172
0.0953787
0.0504941
0.0686522
0.0855768
0.0592061
0.084173
0.0713715
0.0774167
0.0631043
0.0669471
0.0786828
0.062651
0.0643978
0.0480295
0.0585575
0.0477306
0.0442885
0.0571785
0.0568943
0.0689831
0.0801291
0.0670048
0.0687422
0.0846314
0.0704844
0.0593946
0.0349349
0.0681533
0.0662274
0.061648
0.0615764
0.0525388
0.0664785
0.0558791
0.0645432
0.0396149
0.0571724
0.0341539
0.0379892
0.0533504
0.0648617
0.0560481
0.0572208
0.0651648
0.0552855
0.0595987
0.059103
0.037574
0.039165
0.0474719
0.0433583
0.0534567
0.0351341
0.0580191
0.0393164
0.0480988
0.0417835
0.0512335
0.0563714
0.063007
0.0435875
0.0493598
0.0512311
0.0493802
0.035533
0.0527857
0.0288601
0.0570599
0.0394648
0.0520025
0.0694239
0.0559765
0.0617187
0.0662882
0.0644674
0.0520448
0.0669753
0.0565916
0.0837327
0.0696497
0.0572035
0.0695724
0.0743775
0.069617
0.0580204
0.0549282
0.0508887
0.0481688
0.044038
0.0456727
0.054636
0.0534915
0.0500776
0.054692
0.0495908
0.0296551
0.0553981
0.0565459
0.0598633
0.0690384
0.0643191
0.0551253
0.0554081
0.0529147
0.0588698
0.054916
0.0572833
0.0581495
0.0568552
0.0538332
0.0604774
0.0482298
0.0638438
0.0493101
0.0538779
0.0694789
0.0605914
0.0653357
0.0637017
0.059127
0.0611468
0.0553896
0.0579118
0.0651427
0.0668903
0.0440626
0.0682654
0.0663625
0.0697383
0.0797503
0.0790974
0.0674177
0.0564419
0.0896329
0.0842602
0.0846673
0.0544014
0.0853733
0.0816683
0.0995478
0.0914195
0.0783134
0.0760705
0.0772672
0.0662769
0.0842636
0.0723232
0.0679093
0.0869178
0.0722337
0.0888437
0.0731321
0.0661615
0.07273
0.0468017
0.0891532
0.0484562
0.0762657
0.0683626
0.0812633
0.0763072
0.0572982
0.0705189
0.0720968
0.0879281
0.0768481
0.0804538
0.0770397
0.0781582
0.0655578
0.0711966
0.0577414
0.0699826
0.0593941
0.0783861
0.053373
0.0684346
0.0755086
0.0929292
0.0504426
0.0895505
0.0766966
0.069098
0.0626501
0.0637339
0.0670489
0.0617518
0.0760927
0.0479092
0.0493494
0.063125
0.0382781
0.0406341
0.0575084
0.0538502
0.0515107
0.0637959
0.0419479
0.0466118
0.0470401
0.0414766
0.0430466
0.0563027
0.0328566
0.0346122
0.042828
0.0308997
0.029782
0.0278253
0.0266708
0.0251897
0.0276747
0.0249482
0.037792
0.0312284
0.0399002
0.0378188
0.0388273
0.0315925
0.0282795
0.0398251
0.042775
0.0379415
0.0357118
0.0300741
0.0309072
0.0369484
0.0356584
0.0299002
0.0340737
0.0424205
0.0310298
0.0323903
0.0357027
0.0337781
0.0268389
0.0333228
0.0300022
0.0285253
0.0256978
0.0222251
0.0242304
0.0230017
0.020652
0.0240258
0.0233359
0.0254332
0.0213245
0.0225008
0.0249535
0.0250292
0.0264835
0.0200846
0.0218912
0.0214151
0.0186433
0.0214577
0.0214573
0.0176708
0.0198451
0.0165967
0.0157729
0.0197849
0.0236198
0.0162587
0.0175938
0.0188811
0.0196224
0.0288235
0.0177524
0.0194191
0.0196652
0.0237189
0.0316863
0.0239154
0.0264184
0.0251303
0.0353156
0.0298258
0.0320728
0.0300204
0.0364273
0.0339158
0.0348207
0.036479
0.0427212
0.0292237
0.0355835
0.0303739
0.0270323
0.0276552
0.0304792
0.0377569
0.0369716
0.0503204
0.0303468
0.0394401
0.0391307
0.0389252
0.0439307
0.0391246
0.0421462
0.0421321
0.042076
0.0424891
0.0444264
0.0535683
0.0468089
0.0468827
0.0321935
0.0367578
0.0293627
0.0397395
0.031026
0.0372709
0.0380193
0.037206
0.0392598
0.0418565
0.0305372
0.028085
0.0386933
0.0260893
0.0326812
0.0321638
0.0387926
0.0334387
0.0253806
0.0372486
0.0231051
0.0317925
0.0318519
0.0248493
0.0246953
0.0305615
0.0235769
0.0352883
0.0303395
0.029715
0.0278075
0.0261064
0.0236104
0.0317725
0.0326892
0.0362865
0.0372952
0.0323188
0.0340758
0.0305814
0.0376978
0.0414024
0.0535497
0.0491171
0.0373625
0.0582954
0.043963
0.0420159
0.0501724
0.0589928
0.0577628
0.0579229
0.0720005
0.0476785
0.0455695
0.052331
0.0472713
0.0428116
0.0308593
0.0297183
0.0489115
0.036628
0.0640442
0.0419897
0.0280292
0.0449365
0.0491928
0.0509496
0.0539973
0.0566133
0.0581953
0.0513954
0.0756646
0.0536559
0.058292
0.0610986
0.0750565
0.0649989
0.0873075
0.0652617
0.0392483
0.0554113
0.0547674
0.0472374
0.0460795
0.0478569
0.0603786
0.0550489
0.0294996
0.0595126
0.0401613
0.0487505
0.0478936
0.0460993
0.0437458
0.0425329
0.0414316
0.0399405
0.0514078
0.054857
0.0562345
0.0508151
0.0454186
0.0503393
0.0544721
0.04951
0.0538395
0.0535332
0.0391951
0.0481211
0.0503907
0.0417896
0.0387352
0.0426106
0.0322511
0.0379239
0.0408355
0.0323988
0.0359848
0.0345211
0.0358425
0.0388566
0.0418054
0.0401961
0.0313978
0.0326997
0.0347879
0.042242
0.0364182
0.0503499
0.0384113
0.0464934
0.0663632
0.0496108
0.0442293
0.0516646
0.0469541
0.0725693
0.0575941
0.0548217
0.0603305
0.0601159
0.0737249
0.0772115
0.0517271
0.0729996
0.0482391
0.0558459
0.0560719
0.0595538
0.0467179
0.036499
0.0605098
0.0559008
0.0783313
0.0672633
0.063823
0.0623517
0.0606525
0.0488461
0.0451764
0.0719246
0.0642977
0.0667377
0.0717776
0.076512
0.067113
0.0524062
0.061965
0.057154
0.0622618
0.061837
0.065355
0.047461
0.059195
0.0611952
0.0407481
0.0631883
0.0484061
0.0348226
0.0519378
0.0406275
0.0398955
0.0380462
0.0624902
0.0562664
0.0472049
0.074978
0.0568749
0.0529039
0.0711755
0.0599804
0.0743935
0.075044
0.0575118
0.0526929
0.045333
0.0333867
0.0558549
0.061287
0.0576494
0.05268
0.0543142
0.0540946
0.0450121
0.0484325
0.0480395
0.0391325
0.0445666
0.0520355
0.0536261
0.0565661
0.0500303
0.0434076
0.0567744
0.0507358
0.0557837
0.0434211
0.0509382
0.0611518
0.0719183
0.0584478
0.0626784
0.057356
0.0582662
0.0674575
0.038624
0.0671266
0.0479407
0.0554762
0.083845
0.0834623
0.061506
0.0634948
0.0729687
0.0817569
0.0679354
0.0660523
0.0467035
0.0696869
0.0586968
0.0669941
0.0770991
0.0826163
0.0795304
0.0900844
0.0565066
0.0806674
0.0572035
0.0661915
0.0606568
0.0726163
0.0551331
0.0856293
0.0752839
0.0834121
0.0811432
0.0787253
0.0664708
0.0506372
0.0904493
0.055528
0.0502418
0.0506262
0.0749013
0.0515992
0.0671191
0.0577539
0.0652038
0.0523513
0.0489114
0.094625
0.0772815
0.0614691
0.0578697
0.0848411
0.0669279
0.0810498
0.0656947
0.0782521
0.0554505
0.0881443
0.0863706
0.0874481
0.0815972
0.100819
0.0803611
0.0599489
0.0890865
0.0643924
0.0512085
0.0857671
0.100565
0.112812
0.0870878
0.0921062
0.0797672
0.0777205
0.0889114
0.0930576
0.0886574
0.0914409
0.0648882
0.0792514
0.0767478
0.0799949
0.100295
0.0700948
0.0583848
0.0782803
0.0637981
0.0615868
0.0734048
0.0439296
0.0585078
0.0719576
0.0527781
0.0442832
0.0600888
0.0525995
0.0601389
0.0473706
0.0675827
0.046037
0.0625298
0.0584435
0.0560011
0.0501609
0.0654935
0.0470826
0.0368272
0.0424109
0.033541
0.0484199
0.0403864
0.0532346
0.0601989
0.0664133
0.0496438
0.0430219
0.0598867
0.0615243
0.0764077
0.0694645
0.0393683
0.0379139
0.0492938
0.051614
0.0508595
0.0567515
0.0549491
0.0519875
0.0409246
0.0395054
0.0358749
0.0388794
0.0393036
0.040813
0.0381478
0.0390815
0.0370628
0.0301922
0.0300203
0.0314721
0.0479641
0.034384
0.0337364
0.0335692
0.0400502
0.0441974
0.0407074
0.0426762
0.045597
0.0431126
0.0454842
0.0644568
0.0505846
0.043297
0.0501719
0.0617654
0.0467232
0.0495371
0.0557846
0.0458659
0.0658289
0.0515234
0.0603776
0.0752095
0.064798
0.0448481
0.0539949
0.0664111
0.0518891
0.0663883
0.0461198
0.0638146
0.0439524
0.0667938
0.0561045
0.073272
0.049177
0.0361218
0.0561509
0.0498155
0.0371846
0.0744339
0.0683234
0.0713538
0.075057
0.0721908
0.0654863
0.0558926
0.0574458
0.0667999
0.0682212
0.0552142
0.0473882
0.0461454
0.0540461
0.0620883
0.0685823
0.0538813
0.0648407
0.0603755
0.046923
0.0594018
0.0547888
0.0769759
0.0524059
0.0646015
0.072752
0.0383231
0.0497738
0.0451392
0.051813
0.0547398
0.066336
0.0556244
0.0402832
0.056353
0.0429624
0.0437596
0.0453237
0.0545783
0.046626
0.0458347
0.0494189
0.0500814
0.0424391
0.0470876
0.0413134
0.0478446
0.0341835
0.0368975
0.0351396
0.0308376
0.030723
0.027854
0.0283878
0.0358711
0.0359489
0.034433
0.0332926
0.0372154
0.0393934
0.0305187
0.0278786
0.0323303
0.0319899
0.0287864
0.0290868
0.0294006
0.024829
0.0287687
0.031223
0.0307037
0.0286111
0.0274248
0.0297919
0.0322273
0.0266775
0.0281237
0.0366712
0.0289175
0.0260401
0.0334334
0.0326549
0.0332682
0.0306231
0.0276705
0.0254727
0.0223653
0.0261818
0.0289164
0.028291
0.0277554
0.0239536
0.0225631
0.0146374
0.0150637
0.0168132
0.0175555
0.00980001
0.0132259
0.0144526
0.0148865
0.0170169
0.00859182
0.0102564
0.0106797
0.0088496
0.00828945
0.00936878
0.00932257
0.00646031
0.00633515
0.00950243
0.00766166
0.00917455
0.00630568
0.00902307
0.00923056
0.0091534
0.00942051
0.00921625
0.00655434
0.00739795
0.0101198
0.0105106
0.0107536
0.00701611
0.00712222
0.00688622
0.00872038
0.00897851
0.00987507
0.00907316
0.00737415
0.00580858
0.00922651
0.00737196
0.00636405
0.00919189
0.00704563
0.0101242
0.00810405
0.00897923
0.00937392
0.00903724
0.0104092
0.000447466
0.000435911
0.000402582
0.00035846
0.000518479
0.000482976
0.000399235
0.00050274
0.000594788
0.000543282
0.0333515
0.0296558
0.0258367
0.020436
0.02991
0.0287872
0.014781
0.0150248
0.0308635
0.014368
0.0151763
0.0132726
0.0131881
0.0129882
0.0173187
0.0140986
0.0120248
0.00981022
0.0139682
0.00909247
0.0126122
0.0132153
0.0368733
0.0487692
0.0234836
0.0328847
0.0304684
0.0316141
0.0295035
0.0344861
0.0348343
0.0225088
0.0433335
0.0371384
0.0229306
0.0128617
0.0129444
0.0214891
0.0230967
0.0176131
0.0187499
0.0236811
0.0195937
0.0219817
0.0189963
0.0178108
0.0167821
0.0182937
0.0205992
0.0177886
0.028814
0.023254
0.0304008
0.0181356
0.0200471
0.0245146
0.0170463
0.0191385
0.0207096
0.0188131
0.0249153
0.0184184
0.0175919
0.0175204
0.0257147
0.0158702
0.0275778
0.0192699
0.0173034
0.0228244
0.0239564
0.0149303
0.0262232
0.0276572
0.017314
0.0153517
0.0132813
0.0208907
0.0236218
0.0267248
0.0188345
0.0200615
0.020671
0.016681
0.0225813
0.0254432
0.0193999
0.0277092
0.0233931
0.0173237
0.0261649
0.0197188
0.019734
0.0329429
0.0165267
0.012813
0.0149846
0.017431
0.0228774
0.0165946
0.0178183
0.0257632
0.0175327
0.0204715
0.0149548
0.0159621
0.0316553
0.0269188
0.0188734
0.0307126
0.0221927
0.0290766
0.0222907
0.0168366
0.0155157
0.0228762
0.0279565
0.0176189
0.0171672
0.0273997
0.0215752
0.022811
0.0156229
0.0135124
0.0161725
0.0207845
0.0184017
0.0155166
0.019898
0.0275991
0.0284853
0.0356942
0.0214397
0.0304545
0.0160591
0.0310315
0.0218464
0.0207098
0.0420913
0.0322165
0.0171829
0.0364289
0.0229081
0.0185151
0.0210419
0.0334686
0.0214398
0.0367962
0.0140805
0.0362359
0.0216195
0.0216664
0.0387013
0.0208068
0.0204369
0.0224164
0.0401232
0.022928
0.0175401
0.0150024
0.0235673
0.021462
0.0344978
0.0187707
0.0195699
0.0160317
0.036954
0.0189526
0.0162341
0.0164372
0.0226097
0.0400552
0.0134705
0.0150636
0.0191343
0.0123221
0.0161584
0.0245473
0.0176531
0.0165732
0.022807
0.0126017
0.0159213
0.0177656
0.0454431
0.0186069
0.0204893
0.024085
0.0171548
0.0290128
0.0208378
0.026158
0.0226462
0.0427448
0.0394676
0.0404437
0.0314813
0.0261694
0.0275145
0.0349082
0.0266161
0.028738
0.0284158
0.0263495
0.0232194
0.0256166
0.0187676
0.0185835
0.0214488
0.0330252
0.0159866
0.0203182
0.0193669
0.0218916
0.0150307
0.0250312
0.0144782
0.0189796
0.0167698
0.022849
0.0225385
0.0145749
0.0130738
0.0149904
0.019571
0.0218449
0.0410933
0.0201127
0.0288133
0.0281301
0.0340854
0.0209832
0.024571
0.0185192
0.0490263
0.0150974
0.0159989
0.0197912
0.033055
0.0188674
0.0261298
0.0230259
0.0347386
0.0207048
0.0212863
0.0194942
0.0138855
0.0225979
0.0244262
0.0244513
0.0280419
0.027945
0.0262477
0.0247618
0.0257152
0.0266331
0.0234051
0.0215897
0.0281466
0.025131
0.0175647
0.0238858
0.0155014
0.0235678
0.0338139
0.0177339
0.0159343
0.0193177
0.0266818
0.0211448
0.0448731
0.0296533
0.0212994
0.0256149
0.0473007
0.0334148
0.0294888
0.0315183
0.0329361
0.0344251
0.0375144
0.0325874
0.0378117
0.0269851
0.0410428
0.0343929
0.0312282
0.0305057
0.03353
0.045086
0.0365045
0.0251246
0.0520105
0.040122
0.0326789
0.0226198
0.0474448
0.0263251
0.0345844
0.0500026
0.0359225
0.0347049
0.0257729
0.027988
0.0324418
0.0294035
0.0310376
0.0294133
0.0434458
0.032533
0.046521
0.0395649
0.0295333
0.0303781
0.0249117
0.0340428
0.0252593
0.0481536
0.0425427
0.0427585
0.0379483
0.0265991
0.0281618
0.0239346
0.0303921
0.0295351
0.0466679
0.0573384
0.0257872
0.0328846
0.0322364
0.0268435
0.0387906
0.0308508
0.0331876
0.0320309
0.0293089
0.0428343
0.0516078
0.0383904
0.0522897
0.0374295
0.0232979
0.0368265
0.0220958
0.0450659
0.0342326
0.0426125
0.0458559
0.0211808
0.0475082
0.0261008
0.0251472
0.0232535
0.0315854
0.0205394
0.0277055
0.0240985
0.0477241
0.0282837
0.0270936
0.0173067
0.0170464
0.0159296
0.0311789
0.0450013
0.0166284
0.0171373
0.0222367
0.0252969
0.0339286
0.0275741
0.0265244
0.0298149
0.031469
0.0345673
0.0222245
0.0399535
0.0392466
0.0210235
0.029738
0.0156421
0.0277454
0.0452761
0.0222593
0.0191428
0.026615
0.0196942
0.0291856
0.033433
0.0219634
0.0175811
0.0326388
0.0205914
0.044983
0.0178057
0.0456551
0.0195179
0.0422255
0.0359809
0.0250106
0.0384886
0.0241656
0.022168
0.0408935
0.0178972
0.0137921
0.0209542
0.0163029
0.0149875
0.0127901
0.0168688
0.0217345
0.0194826
0.0203226
0.0145494
0.0171436
0.0274073
0.020408
0.0183792
0.0254733
0.0302808
0.0180829
0.0163945
0.0388302
0.013582
0.0146315
0.0244787
0.0146582
0.0182168
0.0157074
0.0211715
0.0215038
0.0165372
0.0212792
0.01489
0.0121125
0.0154328
0.0122767
0.0158544
0.0206572
0.0226801
0.0139275
0.0140635
0.0116456
0.0145971
0.023454
0.0143255
0.0252842
0.0180479
0.0366269
0.0191256
0.021688
0.0225206
0.0125229
0.012838
0.0160915
0.0231283
0.0173828
0.0296705
0.0207789
0.024146
0.0240203
0.022238
0.0251501
0.0193905
0.0359109
0.0247094
0.0161301
0.0258311
0.0328951
0.022213
0.0440324
0.0244682
0.0210956
0.0243898
0.0293681
0.0266153
0.0171678
0.0247017
0.023638
0.0202766
0.0465383
0.0236177
0.0268684
0.0247977
0.0252787
0.0271023
0.036992
0.0271965
0.019727
0.0192964
0.0375844
0.0267963
0.0219213
0.0221754
0.0268872
0.0242592
0.0210485
0.0256075
0.0252195
0.0199057
0.0208374
0.0224017
0.0389598
0.0157562
0.0209503
0.0276891
0.0290502
0.0235746
0.0239992
0.0193047
0.0192237
0.0206036
0.0240362
0.0284459
0.0267743
0.0342177
0.02958
0.0257042
0.0513557
0.0238018
0.0384273
0.0316066
0.028872
0.0215935
0.0372581
0.0274791
0.0296601
0.0337996
0.0468089
0.0214079
0.0231553
0.0373003
0.0284441
0.026638
0.0231462
0.0307145
0.0223279
0.0246785
0.0221134
0.022506
0.0235235
0.0241949
0.0296941
0.0304853
0.0446111
0.0276905
0.0371597
0.02671
0.0383964
0.0237315
0.0426128
0.0196783
0.0202285
0.0242488
0.0385326
0.0162109
0.0262566
0.0231169
0.0383938
0.0266294
0.0247242
0.021945
0.0365102
0.0454016
0.024117
0.0271356
0.0305122
0.019248
0.0328135
0.0157511
0.0228584
0.038061
0.0275592
0.0236998
0.0201242
0.0250029
0.0303228
0.0185381
0.0492331
0.0232373
0.0281786
0.0396911
0.0242852
0.0381464
0.0276945
0.0438489
0.0419013
0.0490161
0.0326842
0.0267137
0.0175206
0.023509
0.0270532
0.0261202
0.0286795
0.0356158
0.028489
0.0169501
0.0198057
0.0250393
0.029488
0.024687
0.0329785
0.0212514
0.0295461
0.0514003
0.0247429
0.0260256
0.0244841
0.0152885
0.0263199
0.0289455
0.0255194
0.0243335
0.0487657
0.0266672
0.0220509
0.0270673
0.0145301
0.0220664
0.0112189
0.0205796
0.0174643
0.0210238
0.0180588
0.0260987
0.0238188
0.0277672
0.0243196
0.0228857
0.044795
0.0273159
0.0332641
0.0184956
0.0218379
0.0179621
0.0324633
0.0317879
0.0200492
0.0233711
0.0385049
0.0335758
0.0304826
0.0200136
0.0235348
0.0158028
0.0299491
0.014592
0.0245295
0.0464211
0.0214418
0.028437
0.0202713
0.0248008
0.0157393
0.0288622
0.0160941
0.0228106
0.0185344
0.0180042
0.0362838
0.0156571
0.0221708
0.014197
0.0138268
0.0151451
0.0197616
0.0239972
0.0180927
0.0206294
0.0254926
0.0237505
0.0243456
0.0158213
0.0192878
0.0180024
0.0188249
0.0185237
0.0229667
0.0240505
0.0249454
0.0370915
0.0264064
0.0263071
0.0456199
0.0294425
0.0480647
0.0263192
0.0248089
0.0414311
0.0419513
0.0404095
0.0438609
0.0290698
0.0354791
0.0274023
0.0276563
0.0315227
0.0242929
0.0250281
0.0341642
0.0197606
0.0548352
0.0316687
0.0316958
0.0247923
0.0414484
0.0219106
0.0266811
0.0261966
0.0418368
0.0281923
0.015727
0.019493
0.0223776
0.0207624
0.0212716
0.0237489
0.0188648
0.0232361
0.0287788
0.0238203
0.0438711
0.0304512
0.0320049
0.0315024
0.0363784
0.0315829
0.034116
0.0324098
0.0445361
0.0409951
0.0497425
0.0457436
0.0449788
0.0304037
0.0374086
0.0344115
0.0522824
0.0365582
0.0386748
0.0356817
0.0395661
0.0341027
0.0292412
0.0278114
0.0477192
0.0361066
0.031355
0.0300665
0.0452427
0.0290222
0.0316446
0.0253772
0.0475091
0.0330414
0.0283481
0.0280142
0.0330961
0.0304999
0.0275202
0.0270855
0.0498866
0.0358684
0.0284532
0.0360787
0.0226543
0.0309168
0.0149261
0.0161118
0.0311032
0.0287497
0.0238036
0.029867
0.0190806
0.0178688
0.0168534
0.0174063
0.0234079
0.0222433
0.0255099
0.0235539
0.0246827
0.0206788
0.0221086
0.0181849
0.0139442
0.0132169
0.016722
0.0152483
0.0190938
0.0192422
0.0231881
0.0229234
0.0243116
0.0227461
0.0232705
0.0226688
0.0351774
0.033579
0.0231511
0.0265274
0.0382049
0.0288702
0.0273637
0.0263203
0.0255755
0.0305782
0.0379553
0.0275273
0.0465469
0.0348471
0.0329507
0.0218836
0.0334959
0.0384667
0.0298189
0.0194609
0.0169049
0.0301009
0.027143
0.0341508
0.021583
0.0375034
0.0212258
0.0199743
0.0504108
0.0333826
0.0402006
0.0281258
0.0438987
0.0519477
0.0235352
0.0252203
0.0225015
0.0451743
0.0369915
0.0269107
0.027199
0.0524032
0.026893
0.0294874
0.0243121
0.0345386
0.0515417
0.0386447
0.0327704
0.0481585
0.019657
0.0457376
0.0311289
0.0291323
0.0320664
0.0318588
0.0317426
0.0432931
0.0272374
0.0246563
0.0297152
0.0362107
0.029934
0.0236584
0.0204431
0.0128371
0.014032
0.0221184
0.0264235
0.0124798
0.0154656
0.0171628
0.0178121
0.0232282
0.0178907
0.0158177
0.0158297
0.0268445
0.0192084
0.0140753
0.0153692
0.0240072
0.0149134
0.0153288
0.0238936
0.0135164
0.0207598
0.0233071
0.02845
0.0164496
0.0124584
0.0162064
0.0248478
0.0148931
0.0189548
0.0210441
0.0219678
0.0196907
0.0218021
0.0235347
0.0223289
0.0313857
0.0219608
0.0253339
0.0464755
0.0212394
0.0217708
0.0270142
0.0365673
0.0233862
0.0192995
0.051502
0.053888
0.0324171
0.042695
0.0476378
0.0389966
0.0179475
0.0370273
0.0559828
0.0312292
0.0243987
0.046856
0.0222022
0.039973
0.0225506
0.0200634
0.0221024
0.0516007
0.0214268
0.0225042
0.0316255
0.0275483
0.0264016
0.0337948
0.019216
0.0284826
0.0253477
0.0229986
0.0157615
0.0210685
0.0215945
0.0319402
0.0322764
0.0252454
0.0372714
0.02544
0.0337503
0.033925
0.0268639
0.0319241
0.0324284
0.0238339
0.0520487
0.0510537
0.0319877
0.0554287
0.0523825
0.044479
0.0302979
0.0518598
0.0478849
0.043296
0.0505969
0.0446648
0.0457713
0.0456337
0.0437006
0.0509681
0.0552034
0.0402983
0.0530205
0.0371874
0.0579302
0.0403079
0.0511279
0.0327942
0.0323912
0.0395338
0.0274978
0.0300997
0.0385667
0.0204314
0.0166248
0.0214474
0.0166584
0.0153442
0.022926
0.0312459
0.0225782
0.0265118
0.0297834
0.0315723
0.0379104
0.0548688
0.0485179
0.0357529
0.0475719
0.0491481
0.0498082
0.0602532
0.0467796
0.0494278
0.0470474
0.062037
0.0430531
0.0501107
0.0510677
0.0312029
0.0452603
0.0286965
0.0439468
0.0373759
0.044427
0.0382318
0.055848
0.0549749
0.0650322
0.0470192
0.0646861
0.0580052
0.0667631
0.0353933
0.0482628
0.0515419
0.0371317
0.0579289
0.0307428
0.0365845
0.0375441
0.0307499
0.0415309
0.03957
0.0469124
0.0249127
0.0354888
0.0388289
0.0544473
0.0411481
0.0350574
0.0414261
0.0336409
0.0337356
0.0419514
0.0239717
0.0405622
0.0247263
0.021622
0.0213484
0.0349184
0.0220475
0.0548884
0.029661
0.0221539
0.0207595
0.0245525
0.0393289
0.0316869
0.0375116
0.0297753
0.0432728
0.0379997
0.0488103
0.0271128
0.0330532
0.0430564
0.0419669
0.0218023
0.0201273
0.0325395
0.0258471
0.0250709
0.0240369
0.0224674
0.0164963
0.0122433
0.0194432
0.0212048
0.0160097
0.0196165
0.0140151
0.0174434
0.0132164
0.0116849
0.0164921
0.0195449
0.0162011
0.0185763
0.0232339
0.0245732
0.0242034
0.0212337
0.0457849
0.0189148
0.0324662
0.0202382
0.025902
0.0250606
0.0255985
0.0223972
0.0262207
0.0242834
0.0232022
0.025378
0.0315793
0.0240611
0.0299448
0.0237594
0.039309
0.0287396
0.0243962
0.0258108
0.025507
0.0246231
0.0225516
0.0199364
0.0246321
0.0453707
0.0215733
0.0337507
0.0337675
0.0271846
0.0332299
0.035305
0.0280952
0.0275208
0.0327553
0.0233921
0.0235723
0.0333723
0.0343962
0.0464528
0.0329125
0.0212544
0.0276854
0.033717
0.0342274
0.0339258
0.0515934
0.0263243
0.0287437
0.0344102
0.0491811
0.0271067
0.0276453
0.0306148
0.0265441
0.0255107
0.0241489
0.0199053
0.0270656
0.0486835
0.0199251
0.0297083
0.0229764
0.0237155
0.022754
0.0321295
0.0346153
0.0400039
0.0239138
0.0351842
0.0202146
0.0480676
0.016659
0.0216192
0.0239967
0.0272726
0.029469
0.0495682
0.0314579
0.0314887
0.0511944
0.0331399
0.0421686
0.0286541
0.0307519
0.0411041
0.0459379
0.0602024
0.0277442
0.0355255
0.045715
0.0564745
0.0361248
0.0337566
0.032602
0.0392154
0.035013
0.0361188
0.0326721
0.0307946
0.0335381
0.0323285
0.0248679
0.0311137
0.0265177
0.0497899
0.0249799
0.0466531
0.0503909
0.0431925
0.0310007
0.0305951
0.0326156
0.0333765
0.0327712
0.0415568
0.0407696
0.0224076
0.0302777
0.0434917
0.0342018
0.0347411
0.0329725
0.0289148
0.0249572
0.0344644
0.0455682
0.043088
0.0305686
0.0307523
0.040176
0.0418719
0.0287057
0.0256262
0.0252794
0.0329381
0.0473246
0.0224118
0.0245625
0.0239066
0.0294994
0.0453717
0.0246876
0.0413204
0.0330034
0.0537132
0.041384
0.0368523
0.0324274
0.033757
0.0326203
0.0449295
0.0374409
0.0401884
0.0354222
0.0455212
0.0364251
0.0576947
0.0457347
0.0412866
0.0453307
0.05835
0.0435688
0.0436493
0.0325417
0.035488
0.0324563
0.0352771
0.0264003
0.0322276
0.0190681
0.0466022
0.0361513
0.0403655
0.0354424
0.0522513
0.0299622
0.0498106
0.0412194
0.0383049
0.0475604
0.0290372
0.0272376
0.029564
0.0195615
0.0322878
0.0526432
0.0192074
0.0267484
0.0246655
0.0269347
0.0265159
0.0361705
0.034288
0.0475948
0.0412729
0.0217511
0.0237124
0.0183901
0.0241035
0.023265
0.0349922
0.0448328
0.0259572
0.0246962
0.0283532
0.0490943
0.021199
0.0196672
0.0170533
0.0231476
0.0251067
0.0248199
0.0253982
0.0290632
0.0289881
0.0268655
0.0233954
0.022303
0.0225896
0.022132
0.0277332
0.0275755
0.0185427
0.0292028
0.0504224
0.0297556
0.0245338
0.0192496
0.0355991
0.0254149
0.0371085
0.0202406
0.0415666
0.0270263
0.0204663
0.0313259
0.0210961
0.020386
0.0146362
0.0151712
0.0212584
0.0385456
0.0253773
0.0225199
0.0170486
0.0141327
0.0192019
0.0197072
0.0161094
0.0202918
0.0153013
0.0232664
0.0189969
0.0234424
0.020185
0.0195492
0.0170283
0.0310675
0.0301701
0.0233951
0.0214209
0.0217996
0.023966
0.0168585
0.0163029
0.023429
0.0255794
0.0312272
0.0516147
0.0397141
0.0246161
0.0373166
0.0489788
0.0239298
0.0426617
0.0336432
0.0263966
0.0233626
0.0293701
0.0514111
0.0354833
0.041757
0.0282224
0.0300986
0.0269643
0.0310723
0.0447339
0.0328569
0.0358852
0.0331164
0.0371402
0.033785
0.0539542
0.0473925
0.0462189
0.0477479
0.0451434
0.0368044
0.0576012
0.0405622
0.0473568
0.0466338
0.0387623
0.0349122
0.0375833
0.0376626
0.0442397
0.0420135
0.0565824
0.046851
0.04123
0.0396106
0.0497794
0.038186
0.0557765
0.0398315
0.0295104
0.0296418
0.0505888
0.0298761
0.0514343
0.0520118
0.0438587
0.0295154
0.0555753
0.0287197
0.0247473
0.0273685
0.0269638
0.0274957
0.0259854
0.0242866
0.0298479
0.0475075
0.03064
0.0270751
0.0409265
0.0279903
0.0303505
0.0347911
0.0329507
0.0335074
0.0451896
0.0447723
0.0231747
0.037779
0.0445392
0.0271895
0.0398503
0.0266739
0.0250323
0.0421217
0.0394113
0.0344207
0.0274937
0.0499987
0.0275258
0.0476827
0.0280167
0.0279118
0.0274049
0.0271557
0.0244374
0.0313749
0.0279941
0.0427109
0.0404274
0.02669
0.0298058
0.024696
0.0194275
0.0162097
0.0200938
0.014112
0.0136243
0.00946204
0.0128573
0.0160603
0.0129725
0.0182234
0.0143242
0.0192983
0.0197909
0.0185647
0.0211691
0.0286221
0.0279831
0.0262382
0.0211207
0.0395934
0.0263502
0.0265763
0.0135665
0.0226333
0.0227618
0.0180002
0.0314456
0.0294436
0.0339173
0.0344641
0.0198511
0.0257015
0.0273039
0.0260784
0.0218896
0.0234245
0.0284103
0.02487
0.0150057
0.0274571
0.0261346
0.0302782
0.024803
0.0286267
0.041045
0.034869
0.0418838
0.0348388
0.0295605
0.0479142
0.0451487
0.0208499
0.0194411
0.0181416
0.0239186
0.0144806
0.0118043
0.010759
0.0123998
0.0137006
0.00848641
0.00828195
0.0122586
0.0094273
0.0090334
0.00915553
0.0136383
0.0092551
0.00628527
0.00753136
0.010455
0.0119658
0.0102126
0.00894561
0.00707613
0.00844965
0.00812392
0.0100296
0.00677463
0.00952178
0.00909366
0.00828013
0.00880298
0.00879634
0.0070083
0.014875
0.00881716
0.0101077
0.0140999
0.0127535
0.0117038
0.0103923
0.00983715
0.0086708
0.0089109
0.00937231
0.00788486
0.00483042
0.00806051
0.0119492
0.010209
0.00983474
0.0103907
0.0123371
0.0097684
0.0111517
0.00897592
0.0102605
0.00891971
0.00822687
0.00943572
0.0131569
0.0107075
0.010018
0.0126898
0.0124374
0.0103687
0.0122766
0.01234
0.00680546
0.015626
0.0086404
0.0117242
0.0177539
0.0201957
0.00770402
0.0142423
0.00901741
