0.0162759
0.0144924
0.0167666
0.0140001
0.00980254
0.00810191
0.0102205
0.0101037
0.00987639
0.00799184
0.00786974
0.00998405
0.0107996
0.00784963
0.00851974
0.00946313
0.00944208
0.00945374
0.00790815
0.00883595
0.00811764
0.00809376
0.00927205
0.0104715
0.00949637
0.00892229
0.0137218
0.00770527
0.00820885
0.00890787
0.0105809
0.0103443
0.00979019
0.0100821
0.00795672
0.00974796
0.00984697
0.00841568
0.00971777
0.0106347
0.00980364
0.0105775
0.00900533
0.0113525
0.00865611
0.00800834
0.0120957
0.00979406
0.00796425
0.00921259
0.00828539
0.00832546
0.0101047
0.00798761
0.00969411
0.0112222
0.00810195
0.00912322
0.00778928
0.0104547
0.00785205
0.00796269
0.0105524
0.00998067
0.0136452
0.00895488
0.00981901
0.00854035
0.0083567
0.00777294
0.00729248
0.00926235
0.00825175
0.00798538
0.00964761
0.00875048
0.0115574
0.00956281
0.00972513
0.00843345
0.00925817
0.00949371
0.00902566
0.00704528
0.00871949
0.00706636
0.00986859
0.00763913
0.00984429
0.00754126
0.00879411
0.00945586
0.00845364
0.00730097
0.0108877
0.00792057
0.00717627
0.0068462
0.00926683
0.012399
0.00727559
0.00877045
0.00904823
0.00877365
0.00706763
0.00774042
0.00798373
0.0102739
0.00973361
0.00840421
0.0077051
0.00910334
0.00733641
0.00738883
0.00801172
0.00913632
0.0100702
0.0077153
0.00773332
0.00714919
0.00728032
0.0116117
0.00945425
0.0090531
0.00804248
0.0089841
0.00749795
0.00822803
0.00764331
0.00851651
0.00734844
0.00861787
0.0143256
0.0131864
0.00817272
0.0103782
0.00768674
0.00784853
0.0128265
0.00841099
0.00814632
0.00824902
0.00896642
0.0132895
0.0114184
0.0115441
0.0110047
0.00833449
0.0083899
0.00801887
0.00834314
0.00924229
0.00910664
0.00820107
0.00820805
0.0102776
0.00858424
0.00956125
0.00840563
0.0116457
0.00959458
0.00882355
0.00822312
0.00972776
0.00912434
0.00956155
0.00806676
0.00879151
0.00837645
0.0112433
0.0118751
0.0106027
0.0104866
0.0110524
0.00892633
0.00840814
0.0100056
0.0141649
0.00854879
0.00854564
0.00960738
0.0100185
0.00953628
0.012339
0.00846131
0.0136221
0.0093875
0.00839528
0.00838764
0.00906633
0.00824729
0.00890899
0.0102583
0.00907647
0.00822496
0.00945627
0.00774037
0.00965242
0.00817057
0.0124309
0.00875535
0.0101796
0.00959909
0.00799329
0.00845929
0.00917821
0.0116295
0.010196
0.00962869
0.00919076
0.00958368
0.00795785
0.00761657
0.00796676
0.010331
0.011964
0.00841015
0.00810465
0.00813411
0.00839234
0.00809601
0.00911859
0.0104311
0.00792899
0.00805668
0.00905107
0.00750535
0.00785814
0.0101096
0.00780973
0.00867974
0.0130548
0.0125763
0.0103951
0.0104699
0.0102645
0.00823589
0.0139302
0.00773446
0.00764192
0.0101548
0.00751136
0.00760575
0.00740899
0.00839873
0.00738319
0.00748621
0.00942957
0.0112091
0.00794841
0.00769845
0.00792936
0.00765466
0.00944563
0.00828262
0.00906221
0.00770793
0.0076093
0.00933248
0.00902678
0.00706143
0.00906911
0.00968809
0.00804178
0.0130327
0.00929042
0.00896597
0.00724947
0.00733366
0.00735086
0.0126944
0.00776004
0.00787741
0.00738043
0.0098516
0.00790017
0.0102607
0.00975892
0.00793474
0.00897145
0.00888689
0.00902187
0.0100792
0.00797082
0.00962009
0.00857076
0.00828464
0.0110869
0.00811519
0.0104407
0.00793305
0.00783716
0.00759648
0.00884061
0.011173
0.00844427
0.0119387
0.00820869
0.00961816
0.00753712
0.00773804
0.00767482
0.00840637
0.00940192
0.00895654
0.0102391
0.00759173
0.0120889
0.00944889
0.00783948
0.00807114
0.00953042
0.00826005
0.00785579
0.00936403
0.00915875
0.00830467
0.0102234
0.00811487
0.0112824
0.00870813
0.010404
0.00935183
0.0114028
0.0126943
0.00877338
0.0105899
0.00987117
0.0106115
0.0088638
0.00934508
0.00869685
0.00880509
0.00926269
0.0089547
0.00804088
0.0100608
0.00807597
0.00797439
0.00926176
0.0081323
0.0138748
0.00888014
0.00828072
0.0083123
0.00818673
0.00839651
0.0113869
0.0082006
0.00845279
0.00868198
0.0100571
0.00874979
0.00864426
0.00891776
0.00857726
0.0119858
0.0093657
0.0100741
0.0129084
0.00916874
0.0101195
0.0107883
0.00951103
0.00966478
0.0135209
0.00793212
0.0112863
0.0100067
0.00852351
0.0118379
0.0137853
0.00903745
0.00791866
0.00811083
0.00834749
0.00790666
0.00786068
0.0111455
0.00877519
0.00869959
0.0087962
0.00780195
0.00793347
0.00979323
0.00864236
0.0091031
0.0136703
0.0100517
0.0101927
0.00843151
0.00782005
0.00919414
0.00919754
0.0109205
0.0108851
0.012384
0.0086865
0.00810849
0.0119683
0.00867427
0.00896109
0.00892044
0.00891156
0.00912712
0.00999907
0.00800087
0.00745531
0.00795043
0.00846194
0.00936932
0.0104279
0.00785171
0.00902155
0.00874158
0.00995392
0.00963549
0.00917752
0.00805592
0.00966058
0.00929689
0.0107427
0.00760041
0.00783993
0.00905183
0.0100637
0.0118354
0.0100317
0.0103377
0.00907244
0.00800769
0.0096483
0.00886367
0.00830827
0.00736131
0.00988578
0.00976234
0.00864635
0.00739715
0.00897098
0.00919913
0.0100283
0.00815551
0.00842483
0.00900285
0.00799207
0.0125818
0.00769623
0.00869621
0.00894949
0.00838889
0.00873963
0.00805167
0.0088107
0.00933917
0.0113514
0.00767986
0.0093946
0.00971455
0.0088304
0.0132652
0.00968914
0.00786849
0.00892239
0.00787518
0.00814445
0.00839463
0.0106017
0.00874752
0.00866871
0.0104044
0.0123235
0.00871546
0.00972197
0.0086411
0.0120048
0.0120703
0.00976246
0.0107486
0.00959148
0.0108031
0.00890733
0.00932886
0.0140364
0.00812855
0.00832652
0.0111929
0.00941238
0.00861364
0.00969607
0.0110803
0.0105852
0.0131786
0.00835146
0.0114945
0.00904562
0.00896433
0.00887134
0.0104739
0.00818125
0.00837073
0.0086801
0.0110093
0.00946633
0.00830936
0.00963065
0.0101481
0.0132484
0.00820601
0.0101733
0.00810725
0.00795631
0.00816127
0.00800817
0.0092313
0.00985741
0.00798997
0.010066
0.00772695
0.0102118
0.00790237
0.0120262
0.0081893
0.00963135
0.00846218
0.00892512
0.00787904
0.0102075
0.00818696
0.00890907
0.00897105
0.00952156
0.0108213
0.00991343
0.00847556
0.00907022
0.00981215
0.00883364
0.00847665
0.00907896
0.00786105
0.0093359
0.0106296
0.00997337
0.0105491
0.0104915
0.00875364
0.00994536
0.00905267
0.00900032
0.00896209
0.00983191
0.00825132
0.00999671
0.008049
0.00969907
0.00999237
0.0127994
0.00904469
0.00873941
0.00887037
0.00924252
0.00801964
0.00977735
0.00785825
0.00804919
0.00849586
0.00963822
0.0100086
0.00873143
0.00808724
0.00941322
0.00810799
0.0093096
0.00843528
0.00823065
0.00962301
0.0126333
0.0105359
0.00946284
0.00842643
0.00861985
0.00844681
0.00870405
0.00887231
0.00825714
0.00859427
0.0104125
0.00830643
0.00859317
0.00839391
0.00976517
0.00845608
0.0132176
0.00967035
0.0100526
0.00981344
0.00945104
0.00977
0.00890762
0.0125088
0.0107733
0.00979434
0.00851463
0.00860645
0.00879058
0.0084398
0.0083959
0.0082893
0.00875439
0.0108104
0.00832335
0.009339
0.00997229
0.0131929
0.0103494
0.00984386
0.00881593
0.0111573
0.0139991
0.00889436
0.0130372
0.0108726
0.00969166
0.0122233
0.0147943
0.00953614
0.00848641
0.00938742
0.010422
0.0108112
0.0112909
0.0101988
0.0108878
0.0112016
0.00928462
0.00916832
0.0134757
0.0116642
0.0140682
0.00819344
0.00805991
0.00911506
0.00860537
0.00821927
0.00841458
0.00827534
0.00828797
0.00965498
0.00830487
0.0082858
0.00930014
0.00907274
0.00842294
0.00829924
0.0100616
0.00828828
0.0091915
0.00904965
0.00771224
0.00754289
0.00824105
0.00792393
0.0102288
0.00865054
0.00965971
0.00968136
0.0083864
0.0143741
0.00957394
0.00792296
0.00971379
0.00851814
0.00802362
0.00923376
0.0134221
0.0127985
0.00908274
0.0102263
0.0133382
0.00911078
0.00789005
0.00888356
0.0130971
0.0133225
0.0081873
0.00967157
0.00819432
0.00862762
0.00889461
0.00823144
0.00837323
0.0086413
0.0108634
0.0130946
0.00910024
0.0105336
0.0108845
0.00976427
0.00871539
0.0108381
0.00904262
0.0108962
0.0112162
0.00976329
0.0122532
0.0106098
0.0108379
0.00998029
0.00847353
0.00982182
0.0107152
0.0113472
0.00992866
0.0151199
0.0110608
0.00871888
0.0094032
0.00823774
0.00813077
0.0118424
0.00831646
0.00815819
0.00831023
0.00846839
0.00836584
0.0135854
0.0148089
0.00913519
0.00969714
0.0090436
0.0104342
0.00855199
0.00915624
0.00937414
0.00845747
0.00838767
0.0094671
0.0125322
0.0102638
0.010465
0.00826831
0.0085208
0.00946728
0.0108964
0.0102287
0.0101406
0.00899534
0.0113707
0.00886023
0.00828937
0.00893021
0.00937374
0.00817494
0.0120833
0.0102078
0.00874832
0.00798538
0.00913045
0.00917854
0.0089311
0.00851868
0.00929768
0.0116257
0.0134669
0.0117567
0.00842016
0.0100267
0.00815411
0.00838905
0.00875952
0.00865368
0.00831708
0.00817697
0.00828799
0.0120486
0.00942826
0.0105259
0.00856815
0.00950645
0.00826774
0.0094314
0.0107323
0.00994518
0.00959774
0.00818244
0.00848595
0.0099146
0.0114303
0.00868206
0.00902075
0.0129659
0.00868686
0.00837901
0.00911544
0.0103901
0.00848553
0.010149
0.0140773
0.0111427
0.0094357
0.0137347
0.00938082
0.00961864
0.00941481
0.0096937
0.0109013
0.0126934
0.0103924
0.0104752
0.0112435
0.00798144
0.0104638
0.0105514
0.0097249
0.00920787
0.00802292
0.00797375
0.00882101
0.00845501
0.00994377
0.00836605
0.0082472
0.00788069
0.00843888
0.010396
0.00847938
0.00819097
0.0095238
0.0108096
0.00921872
0.00845611
0.00972908
0.00816877
0.0106183
0.0094623
0.0093523
0.0125796
0.0098031
0.00955425
0.00828698
0.0101221
0.00739806
0.0112413
0.00951515
0.00887579
0.0115603
0.0120621
0.0098275
0.0100614
0.0128191
0.0146724
0.0131031
0.0125996
0.0106472
0.00940628
0.00807048
0.00967595
0.00942191
0.0119698
0.00815334
0.00806505
0.00931688
0.00840761
0.00805044
0.0106677
0.00863554
0.00836353
0.00942416
0.00876738
0.0126753
0.00800394
0.00798036
0.00932935
0.00771717
0.0126529
0.00895645
0.00941249
0.00849205
0.00934112
0.0082168
0.00828922
0.00901353
0.00932162
0.0083565
0.0089592
0.00993923
0.00755962
0.00769972
0.0096521
0.0107039
0.00969688
0.00723099
0.00971584
0.00881343
0.00778858
0.00912201
0.00921382
0.00809119
0.0110554
0.00984888
0.00886281
0.011143
0.0091328
0.00964507
0.00877257
0.0132696
0.0100126
0.0105734
0.00917058
0.009576
0.00834435
0.0105311
0.0111019
0.00943158
0.0103865
0.00949159
0.0100807
0.00881387
0.0087649
0.00887442
0.0123493
0.00956429
0.00938902
0.0101854
0.0108229
0.00984011
0.0136867
0.0101111
0.00816373
0.00788479
0.0114825
0.0123858
0.0113148
0.00886953
0.00998527
0.00988293
0.0096031
0.00746457
0.0105948
0.010602
0.00965131
0.0103833
0.0102002
0.013725
0.00862151
0.00810941
0.00937492
0.0115442
0.0103416
0.00857884
0.011336
0.0135747
0.0098995
0.00869568
0.0098548
0.00970391
0.0130382
0.00988059
0.010347
0.012667
0.00893199
0.00913231
0.0098508
0.0138963
0.00876635
0.00890559
0.0118079
0.0108708
0.0127515
0.00955084
0.0123371
0.00790333
0.00861806
0.0130815
0.0108508
0.0129089
0.0115998
0.00791049
0.0105611
0.00975199
0.00879645
0.0115225
0.00952454
0.0135099
0.00910088
0.00860142
0.00930072
0.00934908
0.0110663
0.0117317
0.010854
0.00966321
0.00995277
0.0108973
0.0107445
0.0102222
0.00942813
0.0113873
0.00988864
0.0107362
0.0128688
0.00854579
0.0102738
0.0107387
0.0108454
0.00933836
0.0104124
0.0116347
0.0104755
0.013336
0.0103591
0.0132026
0.00841102
0.00851438
0.0117302
0.0127487
0.0116781
0.00845775
0.0102181
0.00958376
0.00809178
0.0127589
0.0114445
0.00873211
0.00903913
0.00897872
0.00817756
0.0102955
0.00879257
0.0079492
0.0100259
0.00893998
0.00986069
0.0098003
0.00907299
0.00788078
0.0116889
0.014106
0.012625
0.00942448
0.00938436
0.0101704
0.00772669
0.0105508
0.0102607
0.0112611
0.00958654
0.00786522
0.00752705
0.00807352
0.0136754
0.00775357
0.00751539
0.00955855
0.0101868
0.00926348
0.00936473
0.00985804
0.0101077
0.00812175
0.0089636
0.0129787
0.0086315
0.00760249
0.0103356
0.00751979
0.00831957
0.0116298
0.0121461
0.00977874
0.0098269
0.0090601
0.00859265
0.0109301
0.00739216
0.00953824
0.00786844
0.00799074
0.00896982
0.00804303
0.0100579
0.00788849
0.00788803
0.0130387
0.00791454
0.0122396
0.009232
0.00767696
0.0110197
0.00988794
0.00818678
0.00921492
0.00943632
0.0114461
0.00824662
0.00752576
0.00885515
0.00964162
0.00777622
0.0104109
0.00723462
0.00746748
0.00980481
0.00850095
0.00856204
0.00936062
0.00789739
0.00889373
0.00906469
0.00965227
0.0104459
0.00781476
0.0110276
0.00783632
0.00761861
0.0112193
0.00860323
0.0136376
0.00787352
0.00913267
0.00895901
0.0101229
0.00796909
0.00794838
0.00944801
0.0134945
0.00809412
0.00838807
0.0109766
0.0103656
0.0116473
0.0108776
0.00828789
0.0102167
0.00973691
0.00974432
0.0102242
0.0113266
0.00990027
0.0108647
0.00879644
0.00983942
0.00997699
0.00851067
0.00967119
0.0082989
0.0097226
0.011465
0.00975457
0.0130574
0.00923015
0.0105746
0.00866272
0.00833105
0.0102961
0.00987352
0.00890417
0.00849659
0.00973474
0.00965709
0.00955973
0.0089803
0.00894343
0.00857807
0.0117306
0.0100447
0.0141488
0.00874321
0.00934222
0.00988106
0.00949195
0.0105801
0.00918424
0.0102143
0.0100903
0.0129143
0.0129764
0.00953566
0.00956827
0.0118939
0.008142
0.0134238
0.0123957
0.0126199
0.0100574
0.0107631
0.0125483
0.00793158
0.00834453
0.0105794
0.0103517
0.011162
0.00881422
0.0106215
0.0136682
0.0126858
0.00932714
0.00862815
0.00887896
0.00795771
0.00947393
0.00780574
0.00912736
0.00768499
0.00811721
0.00839648
0.0135478
0.0123816
0.00927552
0.00777525
0.0139177
0.00808087
0.00806754
0.00999814
0.00797546
0.00791338
0.0104908
0.0097137
0.0131523
0.0100997
0.0125699
0.0096025
0.00976849
0.00817607
0.0117893
0.00798449
0.00830674
0.00893789
0.00931999
0.00791427
0.0134948
0.0102082
0.0112508
0.00911056
0.0124156
0.00781919
0.00792243
0.00793077
0.00935123
0.0112123
0.00877923
0.0098563
0.00908622
0.00814446
0.0119679
0.00982375
0.00850539
0.0101867
0.00892947
0.0110918
0.0100337
0.00921893
0.00978416
0.00953902
0.00972614
0.00838743
0.00973454
0.0138228
0.00933319
0.00866146
0.00867776
0.0100957
0.0130549
0.00940064
0.0126447
0.0103286
0.00865652
0.00826224
0.0131755
0.0130059
0.0125332
0.0078413
0.00734948
0.00949022
0.00928205
0.00950616
0.00849883
0.00793716
0.0088844
0.00946562
0.00878197
0.0103698
0.00814234
0.00815532
0.00813518
0.0104613
0.00826623
0.00967386
0.00917949
0.00897318
0.00938131
0.00924831
0.00843764
0.00867646
0.00811068
0.0083715
0.00822264
0.00939197
0.0122079
0.0100524
0.00827041
0.0104095
0.00855576
0.0102252
0.00827572
0.00815374
0.0107633
0.00848287
0.0088484
0.00971636
0.00878592
0.00876538
0.00932487
0.00968181
0.010134
0.00846692
0.00975039
0.00858388
0.00938417
0.00958711
0.00961072
0.0130312
0.0109742
0.0100058
0.00859628
0.0143369
0.00917092
0.00911342
0.00857055
0.010518
0.0115555
0.00851521
0.0107369
0.0100334
0.00891332
0.00824168
0.00790301
0.0107424
0.0128926
0.0130534
0.00846171
0.01485
0.00983934
0.00941705
0.0101395
0.0115076
0.00958686
0.0104553
0.0118459
0.00921386
0.00958135
0.00826179
0.00858759
0.00804984
0.00796233
0.0101775
0.00843655
0.00869297
0.0131637
0.00994946
0.0107947
0.00864462
0.00812523
0.0125105
0.00859973
0.0138273
0.0151526
0.0098629
0.00969868
0.00852939
0.0104797
0.0135892
0.00823022
0.00942993
0.0135374
0.0109777
0.0105763
0.0101258
0.00891308
0.00918621
0.00791602
0.00849275
0.0081739
0.00798385
0.00971353
0.0119335
0.00859522
0.00867916
0.00825287
0.0131817
0.00958943
0.00833554
0.0105967
0.0106851
0.00864871
0.0125826
0.00837246
0.0112974
0.0123663
0.0101223
0.0111413
0.00959037
0.0119323
0.00979003
0.0159111
0.00943535
0.0122898
0.0100238
0.0103101
0.00972815
0.00864475
0.00803004
0.00877274
0.0106809
0.0107981
0.00896973
0.0118425
0.00985351
0.00983136
0.0107842
0.00854276
0.0141124
0.00830473
0.0126723
0.0130827
0.00816741
0.0122494
0.0101642
0.00890803
0.0117751
0.00908399
0.00878491
0.010894
0.0112908
0.00943332
0.00965858
0.00882988
0.00978874
0.00937549
0.00947289
0.00861738
0.0099229
0.00934333
0.0104022
0.00902759
0.00971533
0.00943397
0.0128866
0.00857537
0.0128321
0.00957225
0.0101251
0.0125977
0.00855473
0.0100103
0.0103977
0.0107685
0.00860882
0.00795725
0.00934593
0.0105793
0.00852314
0.010231
0.00942046
0.0124987
0.00986112
0.0089827
0.0128407
0.00823127
0.00802938
0.0102957
0.00903704
0.00834606
0.0093452
0.0125579
0.0123261
0.010294
0.011064
0.0105295
0.00906773
0.00913125
0.0118472
0.010015
0.0100743
0.00999326
0.0126727
0.00983611
0.00930006
0.0104291
0.00807028
0.0108125
0.0100209
0.00880258
0.012965
0.0100866
0.0088439
0.0094278
0.0130084
0.0133811
0.00939212
0.0115781
0.00917385
0.00964233
0.00839112
0.0129008
0.00970722
0.00972129
0.0115495
0.00989487
0.00823486
0.00907496
0.0121473
0.00950868
0.00849114
0.00993026
0.0108471
0.0102913
0.00894805
0.00872629
0.0129826
0.0083966
0.0101227
0.0114103
0.0134047
0.00980388
0.00937017
0.0144477
0.00936602
0.0106345
0.0095354
0.0120384
0.00888596
0.0097282
0.00931548
0.0145656
0.00835621
0.00894853
0.00801197
0.010285
0.00982409
0.0097932
0.0105537
0.0105596
0.00866456
0.00988429
0.0117777
0.0110147
0.00987955
0.0098179
0.0125795
0.0135986
0.0086701
0.01347
0.0109345
0.0109955
0.0129477
0.0108088
0.0135702
0.00995932
0.0111803
0.00846997
0.00806244
0.00897158
0.0101571
0.00918719
0.00835693
0.0101326
0.00899316
0.0107964
0.0131631
0.0115826
0.0113735
0.0144378
0.0122724
0.0127292
0.0103407
0.0125308
0.00981286
0.00984292
0.00914496
0.00815294
0.00962217
0.0100084
0.0100971
0.00977029
0.0110395
0.00900834
0.00957988
0.00824378
0.00814296
0.00973765
0.0099873
0.0105363
0.0083165
0.0102066
0.0128554
0.00737939
0.00769134
0.00902292
0.00895389
0.00844814
0.00921239
0.00967664
0.00993223
0.00938329
0.00799231
0.00875776
0.00925024
0.00723548
0.00884224
0.00841982
0.00766447
0.00913951
0.00763488
0.00915994
0.00879549
0.00723659
0.0075047
0.0101842
0.00740514
0.00713864
0.0119181
0.0111728
0.00807714
0.00794063
0.00849352
0.00924941
0.00821622
0.00868073
0.00827087
0.0133625
0.00807631
0.00984263
0.00853268
0.0123825
0.00823027
0.00889134
0.00892117
0.00795096
0.00820657
0.00800598
0.00779578
0.0104891
0.0112742
0.00960837
0.00870163
0.00822327
0.0114022
0.00893239
0.0137336
0.0120465
0.00930514
0.0111323
0.00931245
0.00965769
0.00917552
0.0105271
0.0121226
0.00973529
0.0101964
0.00947323
0.00809629
0.0137457
0.0108204
0.0109446
0.0110044
0.00877708
0.0110344
0.0106998
0.0123343
0.00946659
0.0103405
0.0107319
0.0141557
0.00885219
0.00850297
0.0086334
0.00883946
0.0106314
0.0141791
0.00960191
0.011464
0.00953649
0.00959544
0.0130934
0.011313
0.0108698
0.00970898
0.00878465
0.00849009
0.00846927
0.00852899
0.00845132
0.00883475
0.012931
0.0111038
0.00860777
0.00833187
0.0088174
0.00972439
0.00843766
0.00999269
0.0102138
0.0104492
0.00902123
0.00877456
0.0118638
0.00897966
0.00852058
0.00943411
0.010589
0.00950453
0.00826851
0.0132512
0.014331
0.00791493
0.00807052
0.00838865
0.00913084
0.00816662
0.00875776
0.00821335
0.0099916
0.00884657
0.00860395
0.00823693
0.00854755
0.0103091
0.00955287
0.00910956
0.0121855
0.0101304
0.0120747
0.013064
0.0127216
0.0122857
0.0100266
0.00972035
0.0120836
0.0104634
0.0101404
0.012871
0.00893778
0.00971271
0.0102019
0.00967318
0.00850656
0.011848
0.0101962
0.00978717
0.00980923
0.00944794
0.00881338
0.00860052
0.0132658
0.00992908
0.00848432
0.00929979
0.00882118
0.00962172
0.00901955
0.0102255
0.00838558
0.0131541
0.00958942
0.00981032
0.00926374
0.0106532
0.0122399
0.0100427
0.00883922
0.010139
0.00995116
0.0108093
0.0106051
0.00893635
0.0138421
0.0101615
0.00944285
0.0105845
0.0092843
0.00905185
0.00913336
0.00952451
0.00868657
0.00994771
0.0111704
0.0102485
0.00948593
0.00945435
0.0110191
0.00853042
0.0125716
0.00902433
0.0105614
0.0083488
0.00866697
0.010712
0.0097523
0.0100657
0.00907649
0.00933957
0.0105191
0.00877605
0.00925086
0.0102188
0.011644
0.0123073
0.0128988
0.00960013
0.00897102
0.0116753
0.0141555
0.00850022
0.0112892
0.0112571
0.010384
0.0084283
0.00979612
0.00877801
0.0136396
0.00858844
0.0144978
0.00908982
0.0136739
0.0119933
0.0103694
0.0109998
0.00870746
0.0148249
0.0103545
0.012245
0.0132292
0.00934584
0.00849524
0.00835165
0.00916166
0.0116107
0.0118493
0.0087966
0.00879303
0.00853624
0.00984667
0.009713
0.00889141
0.00973433
0.0102821
0.0103693
0.0114361
0.00978953
0.00853323
0.00946519
0.0109849
0.011081
0.0121726
0.0106704
0.00887929
0.00998727
0.00872119
0.00846145
0.013643
0.00840376
0.0100082
0.0133007
0.0130081
0.0121774
0.00908348
0.00985279
0.00905631
0.0102839
0.00875895
0.0105813
0.0134906
0.00950328
0.00983761
0.010772
0.0110176
0.0118467
0.00936613
0.0107293
0.0094811
0.00882139
0.00950765
0.0114821
0.0107108
0.00989087
0.00899194
0.0124669
0.0102862
0.0119947
0.00971894
0.011238
0.0150576
0.0127887
0.0132933
0.00872551
0.0145504
0.0101151
0.0127178
0.013727
0.0132965
0.0107033
0.00854013
0.00853514
0.0104238
0.0115263
0.0110796
0.0110256
0.0115599
0.00895507
0.00903514
0.00972807
0.00951857
0.0100464
0.0132654
0.00889934
0.0111115
0.0113087
0.0103758
0.0109795
0.0107598
0.00880314
0.0105657
0.00965714
0.00943525
0.0108683
0.0100048
0.00866132
0.00993911
0.0103129
0.0120754
0.0110104
0.00879548
0.00962244
0.0135638
0.00920933
0.0149081
0.0112802
0.0108913
0.0111819
0.0102212
0.0133429
0.00888519
0.00866836
0.00861352
0.00905563
0.0114868
0.0128711
0.0102451
0.00954453
0.0103227
0.0146665
0.00983977
0.00940039
0.00904172
0.0122002
0.0124171
0.0108741
0.0111726
0.0106708
0.0119051
0.0114331
0.0103402
0.0098629
0.013197
0.0112295
0.0105873
0.00833113
0.0129133
0.00956814
0.012074
0.00892504
0.0100073
0.0148838
0.00980469
0.00957842
0.0099226
0.0123272
0.0107835
0.00998365
0.0113087
0.00904989
0.0103379
0.0100603
0.00914775
0.0131556
0.0116839
0.0091811
0.00933679
0.0115634
0.01194
0.0134453
0.0100615
0.0103351
0.0110393
0.0114001
0.0123621
0.0089505
0.0106662
0.0140753
0.0113295
0.00936845
0.0103325
0.0104438
0.0120076
0.00992538
0.0102999
0.00961056
0.0109348
0.0100572
0.0101476
0.0100632
0.0133288
0.0132428
0.0122949
0.00909874
0.012021
0.00994332
0.0140402
0.0146074
0.0106725
0.0122789
0.0142415
0.0132433
0.00979914
0.0118808
0.012226
0.0131911
0.0104815
0.0114455
0.0135058
0.0110697
0.012039
0.0133419
0.0112455
0.0118653
0.0112987
0.0118866
0.0105819
0.0138365
0.0124999
0.0120741
0.0136191
0.0105486
0.0149452
0.00915331
0.0126554
0.00932612
0.011002
0.00949863
0.0104205
0.00994189
0.0113586
0.012416
0.00998992
0.0142833
0.00952215
0.0107896
0.00922007
0.0134654
0.0110806
0.0117257
0.0106523
0.0132701
0.0145328
0.0115771
0.0141248
0.0137638
0.0107179
0.0109335
0.0125128
0.0123041
0.0111571
0.0111694
0.00970651
0.0114045
0.00878013
0.00889222
0.00916978
0.0106973
0.0096671
0.01344
0.0135271
0.00940315
0.0142191
0.00977522
0.014588
0.0106537
0.0122487
0.00916116
0.00886384
0.0101978
0.00899775
0.0120477
0.0112539
0.00983626
0.00871824
0.00899458
0.00901366
0.00958288
0.0105923
0.0118838
0.0118825
0.0125497
0.013245
0.00913265
0.0106688
0.00905192
0.0130979
0.0114734
0.010076
0.0128435
0.0105006
0.0100271
0.00904137
0.00991264
0.00987386
0.00979505
0.0107413
0.00999429
0.0111474
0.010967
0.0111362
0.0106883
0.0109379
0.00920343
0.00987093
0.0129902
0.00984993
0.00895016
0.00891996
0.0101922
0.0104198
0.0112043
0.0153739
0.0104723
0.0112663
0.0124604
0.0105957
0.011564
0.0116481
0.0122019
0.011405
0.0098285
0.0110906
0.00926226
0.0135094
0.010712
0.00903996
0.00988254
0.0104664
0.0114086
0.0108369
0.00936062
0.0100436
0.00901438
0.0125341
0.0103436
0.0109231
0.0101223
0.010135
0.00964921
0.0133453
0.0101096
0.0141685
0.00901697
0.01053
0.0127229
0.0116448
0.00929261
0.0119
0.00905926
0.0122815
0.0129943
0.00895382
0.00888055
0.00918548
0.00964271
0.00966997
0.0112392
0.011144
0.0109452
0.00872111
0.0091027
0.00864197
0.00978911
0.0139289
0.0125057
0.0114848
0.00883968
0.00877936
0.0104721
0.0113843
0.0115522
0.00975411
0.00919442
0.00862596
0.0106984
0.0120944
0.0138993
0.0103925
0.0121743
0.0110844
0.00909697
0.0101145
0.00984589
0.00984625
0.00938308
0.0104044
0.0113867
0.0125524
0.0100302
0.010157
0.00924685
0.0101956
0.0103367
0.00980771
0.0111886
0.0111495
0.0114717
0.0117281
0.0101833
0.00897039
0.0100829
0.00979255
0.00989538
0.0113665
0.0120523
0.0111123
0.009365
0.0108369
0.0111878
0.0116233
0.0101327
0.0106482
0.0108264
0.0102289
0.0111631
0.0119913
0.00982863
0.00955888
0.0122898
0.0104621
0.0117095
0.0104135
0.010257
0.00878219
0.009021
0.00868357
0.00857725
0.0100413
0.00968326
0.0109957
0.0112496
0.0103672
0.0116661
0.00870088
0.0109259
0.0106439
0.00964397
0.0140227
0.00965551
0.0100449
0.00975304
0.00905797
0.00974368
0.00868583
0.00908093
0.00916297
0.00860983
0.00868406
0.00968681
0.00919242
0.00865528
0.008752
0.00863203
0.00899813
0.0101446
0.0119734
0.0085573
0.00848805
0.0130012
0.00833273
0.0142938
0.00959822
0.0125067
0.0097017
0.00986963
0.0101414
0.00880308
0.0110145
0.00982966
0.0140908
0.0088515
0.00981594
0.0090592
0.0096021
0.0132132
0.0103625
0.01099
0.0115259
0.00901773
0.00892827
0.00966179
0.0108718
0.0112344
0.0149306
0.0110152
0.0107886
0.0130648
0.0102456
0.00994734
0.0113949
0.0108477
0.0094514
0.00927523
0.00894212
0.00885801
0.00878553
0.00884029
0.0105716
0.008533
0.00978554
0.00999869
0.0109398
0.0115371
0.0100347
0.00948569
0.00973999
0.0145495
0.00937655
0.00985422
0.0131387
0.0111394
0.011742
0.0105725
0.0109692
0.0120949
0.0107729
0.00987727
0.0142455
0.0105285
0.00892624
0.0127078
0.0106975
0.0148009
0.00994832
0.0142084
0.0156306
0.0111323
0.010274
0.00959403
0.0104669
0.00899467
0.00978041
0.0110634
0.00962296
0.00931146
0.0106898
0.00938598
0.0107724
0.00950614
0.0097828
0.0134169
0.012629
0.012916
0.0110417
0.00964928
0.00974613
0.0089637
0.0131238
0.00858277
0.00938759
0.00875195
0.00902229
0.0117773
0.0135707
0.0101156
0.00988458
0.00960188
0.00979909
0.0107906
0.0109014
0.0108818
0.00996755
0.00900041
0.00983309
0.014568
0.0098187
0.00893269
0.0103501
0.00993402
0.00911452
0.0132776
0.014204
0.00859183
0.0103509
0.00975131
0.0119375
0.0113656
0.00977134
0.010117
0.0104128
0.00999324
0.0106668
0.0101425
0.0149398
0.0102058
0.0110785
0.0137126
0.0106092
0.010083
0.0108264
0.0103956
0.00976784
0.0108753
0.0118976
0.011073
0.00886471
0.0105274
0.00902465
0.00862254
0.00893084
0.0089453
0.009189
0.0112634
0.0110645
0.0112838
0.00929173
0.0105146
0.00883602
0.00856514
0.0127028
0.00968761
0.0101959
0.0099347
0.00911799
0.00973745
0.0103743
0.0111361
0.0119906
0.00985922
0.00885739
0.00881094
0.00952998
0.0100184
0.00964991
0.0102931
0.00986073
0.0106355
0.0108726
0.00918435
0.0108486
0.0123694
0.0142802
0.0115718
0.0132706
0.0142756
0.00980589
0.00901455
0.01261
0.0109128
0.00897833
0.00980475
0.00913193
0.0108589
0.0104188
0.0091841
0.00836062
0.0101148
0.0144585
0.010131
0.014074
0.0104027
0.015423
0.0105241
0.0108121
0.00916989
0.0147043
0.00851384
0.010344
0.0129093
0.0121763
0.00997478
0.0104161
0.00856767
0.0102025
0.0127573
0.00831223
0.0123686
0.0100241
0.0135015
0.013957
0.00968061
0.0144948
0.00967865
0.0127929
0.0104242
0.0132533
0.01177
0.0129254
0.00957363
0.010321
0.0106951
0.00869833
0.00960887
0.0113389
0.0139546
0.0111461
0.0102152
0.00955534
0.00836433
0.0117124
0.00944668
0.0105876
0.00989171
0.00890715
0.00887145
0.0114706
0.0102948
0.0101429
0.00880796
0.012092
0.0110442
0.0136977
0.0110679
0.0102317
0.0147592
0.0095647
0.0131409
0.0103986
0.0106128
0.0103723
0.0110758
0.00935389
0.0107049
0.00958137
0.00970127
0.0127506
0.0116394
0.00858078
0.00809184
0.0131662
0.00954029
0.00937532
0.00936474
0.00956095
0.00814207
0.00803366
0.00820409
0.00884044
0.00847492
0.00958201
0.00808344
0.00801384
0.0082082
0.0140188
0.0101701
0.00862382
0.00798835
0.0106135
0.00838856
0.00981262
0.00826758
0.0141419
0.00996858
0.0131257
0.0101988
0.00952377
0.0094295
0.00948515
0.00948681
0.00869239
0.0115888
0.0103799
0.0113603
0.00934689
0.00902668
0.0112027
0.0113042
0.0112499
0.00838327
0.0106046
0.0133474
0.0141014
0.0106858
0.00792408
0.0103771
0.00861942
0.0114268
0.0131054
0.0101525
0.00847333
0.00829603
0.00918152
0.00894171
0.0127411
0.01174
0.0106321
0.00823552
0.00811541
0.00875958
0.00990717
0.00842164
0.0116555
0.00930317
0.00893379
0.00911814
0.0104376
0.0105437
0.0106526
0.00927972
0.00934198
0.0102819
0.0147725
0.00931255
0.00961695
0.0107076
0.0105171
0.00996491
0.0135974
0.00902128
0.00777739
0.00980662
0.0103114
0.010714
0.00866506
0.00991591
0.00804303
0.00805545
0.0109299
0.00843905
0.00990914
0.00925729
0.00816049
0.00849947
0.00849812
0.0108933
0.00801029
0.00850254
0.00955676
0.00899022
0.0100569
0.0107364
0.00915507
0.00807952
0.01383
0.0102424
0.0106181
0.00845713
0.0104856
0.00903755
0.00831675
0.00809074
0.00831646
0.0125756
0.0098459
0.0128084
0.0095703
0.0137399
0.0157163
0.0104555
0.0108654
0.0100837
0.01449
0.0100905
0.0107573
0.00851471
0.00997119
0.00949861
0.0081754
0.00826009
0.00925124
0.00970162
0.0117848
0.00985248
0.00898857
0.0105027
0.0124662
0.0106614
0.0108485
0.0100133
0.0104793
0.0083645
0.00792665
0.00955743
0.00821216
0.0107473
0.00829134
0.0118784
0.0131125
0.00975106
0.0140379
0.00907497
0.00941353
0.00852096
0.00956261
0.00862972
0.0113175
0.00908279
0.0103795
0.00843266
0.00859761
0.00830702
0.015199
0.0106195
0.00861252
0.0102657
0.011509
0.0105887
0.0125584
0.00865914
0.0120066
0.008956
0.00927139
0.0130186
0.0139833
0.0109816
0.0111534
0.010282
0.0122704
0.0100994
0.00912477
0.0100398
0.0108458
0.0144066
0.0123642
0.0093453
0.0129813
0.00993965
0.0111525
0.0115084
0.0109354
0.00893902
0.0128691
0.00916993
0.0137024
0.0120798
0.0099087
0.0104343
0.0110253
0.0108004
0.0113694
0.00983069
0.0107418
0.0123333
0.0104475
0.0131609
0.0141343
0.0103445
0.0102636
0.0119597
0.010566
0.0110843
0.0105587
0.00934102
0.0107273
0.0155179
0.0128394
0.0108982
0.0154202
0.0101959
0.00968211
0.0121112
0.00900138
0.0133731
0.0102555
0.0101026
0.0141988
0.012471
0.0135821
0.0107327
0.014221
0.0111326
0.011047
0.0100126
0.00990865
0.00997378
0.01051
0.00883765
0.0106662
0.011849
0.0140415
0.0101711
0.01273
0.00887338
0.0109846
0.0117179
0.0119299
0.00909476
0.0105522
0.0149994
0.00933511
0.0101824
0.0115273
0.0122854
0.0095277
0.0124843
0.0105172
0.0143993
0.0178981
0.0098806
0.0123477
0.0119084
0.014104
0.0121886
0.0098144
0.0122311
0.0125998
0.0152107
0.0116266
0.0137165
0.0156577
0.0124185
0.0148966
0.0118013
0.0121571
0.0103597
0.0114572
0.0116234
0.0103072
0.00972195
0.0105003
0.0107527
0.0117677
0.014378
0.0140324
0.0123716
0.0134448
0.00924932
0.0111589
0.0109131
0.0136488
0.012217
0.0122476
0.0115287
0.0124285
0.0137578
0.0125142
0.0105003
0.0116441
0.0101136
0.00924996
0.0113173
0.010571
0.0118382
0.00917552
0.010037
0.0102168
0.0093117
0.00989317
0.012116
0.0145219
0.0143779
0.00893451
0.00891133
0.013274
0.0091327
0.0102075
0.00859029
0.0106258
0.01051
0.0127237
0.0134514
0.014205
0.01056
0.0119963
0.0104408
0.00949482
0.00863971
0.00999489
0.0127061
0.00957166
0.0130269
0.0121508
0.0084422
0.0142042
0.0107683
0.0100333
0.0106878
0.00993649
0.00864217
0.011939
0.0142174
0.00912666
0.00927748
0.00885879
0.0138288
0.00937839
0.00950736
0.00948404
0.0109315
0.0105085
0.00973695
0.0132015
0.0095656
0.0110424
0.00837967
0.00849101
0.0123288
0.0093697
0.00868874
0.0110164
0.00951885
0.00871429
0.00843932
0.00943557
0.0127649
0.00991595
0.00875321
0.00867492
0.00853743
0.00823768
0.00802309
0.00895846
0.0106129
0.00900273
0.00822045
0.00896306
0.0112186
0.0108372
0.00808794
0.00905103
0.00838014
0.0139803
0.0113082
0.012999
0.0113535
0.00902273
0.00943303
0.0138847
0.00994617
0.0126243
0.0098759
0.0120533
0.012328
0.0113866
0.0108058
0.00889746
0.0103202
0.0095143
0.0125504
0.0124781
0.00964213
0.0113627
0.00809413
0.00809523
0.00847886
0.00951021
0.00800556
0.00939127
0.00987572
0.0125945
0.0080645
0.00976296
0.0110765
0.00845368
0.0104419
0.0103494
0.0124257
0.00838507
0.0118927
0.00782155
0.00842725
0.0111886
0.00937981
0.00890831
0.0090104
0.0134541
0.00993971
0.00838438
0.00749718
0.00824715
0.0128812
0.00811072
0.00889245
0.00917737
0.0110402
0.0105783
0.00903473
0.0100763
0.00786058
0.00760988
0.00874181
0.00797437
0.0125312
0.013768
0.0110112
0.00860637
0.00947315
0.010311
0.00847152
0.00969287
0.00828939
0.0106018
0.0137074
0.0124919
0.0129741
0.00890221
0.0100394
0.00783537
0.0113721
0.00831109
0.00983647
0.00963851
0.0123556
0.0101172
0.00961197
0.00988502
0.0114331
0.00789903
0.00947301
0.0095093
0.00967075
0.0102926
0.00935942
0.00887385
0.00910004
0.0127585
0.011184
0.0107917
0.0105615
0.00960946
0.0107085
0.00943357
0.0140034
0.00934322
0.00896505
0.00869782
0.010124
0.0134146
0.0103218
0.0101919
0.00992365
0.010421
0.00995582
0.0106589
0.0134889
0.0138182
0.00982103
0.0144942
0.0107591
0.0125503
0.00873375
0.0105242
0.0133345
0.0120318
0.010388
0.00872858
0.0110315
0.011131
0.00844018
0.0089976
0.0102237
0.0102208
0.00816687
0.00901971
0.00942907
0.00859924
0.00929319
0.00936722
0.00967656
0.00910444
0.0129277
0.00952182
0.0103964
0.0110162
0.0100505
0.00903338
0.00813406
0.00952279
0.00814311
0.0081861
0.00823668
0.00993613
0.00901244
0.0111172
0.0105372
0.0122915
0.012402
0.0131701
0.010381
0.00808171
0.00943002
0.0145221
0.0106775
0.00933093
0.010511
0.00971037
0.0085211
0.00863791
0.0112444
0.0089176
0.0113833
0.008247
0.00805995
0.00822303
0.0109445
0.00836029
0.00834003
0.00864405
0.0102216
0.0101047
0.00858785
0.00957622
0.00986472
0.0131299
0.0120039
0.0112231
0.0102522
0.00893786
0.00791889
0.00810969
0.00817032
0.00824334
0.0101027
0.00895221
0.0100353
0.00960278
0.0114019
0.00932104
0.00951166
0.00990496
0.00864508
0.00951345
0.0100495
0.0133441
0.0127677
0.0131057
0.0091914
0.0138575
0.00824322
0.00826394
0.00997583
0.00897452
0.00862121
0.00916223
0.00917563
0.00798131
0.00928604
0.00814813
0.0141285
0.0136585
0.00887149
0.00813022
0.0103141
0.0091948
0.00983894
0.00840276
0.00854712
0.0126569
0.00901213
0.00887728
0.0096477
0.0103979
0.00936517
0.0125942
0.00889688
0.0111265
0.00905253
0.00816679
0.00985118
0.00904289
0.00814799
0.00825785
0.00849161
0.0134332
0.0112921
0.0103372
0.00869114
0.010295
0.00845712
0.00974306
0.00961012
0.0125114
0.00916612
0.0106847
0.0108749
0.0111081
0.012451
0.00947042
0.00882036
0.00826005
0.00840648
0.0101019
0.00846319
0.0109894
0.0100948
0.0100436
0.0104304
0.010598
0.00949401
0.012273
0.0117064
0.00872462
0.010446
0.0104604
0.00977727
0.0105389
0.0107709
0.0131257
